0	0.5
1	0.5
2	0.5
3	0.5
4	0.5
5	0.5
6	0.5
7	0.5
8	0.5
9	0.5
10	0.5
11	0.5
12	0.5
13	0.5
14	0.5
15	0.5
16	0.5
17	0.5
18	0.5
19	0.5
20	0.5
21	0.5
22	0.5
23	0.5
24	0.5
25	0.5
26	0.5
27	0.5
28	0.5
29	0.5
30	0.5
31	0.5
32	0.5
33	0.5
34	0.5
35	0.5
36	0.5
37	0.5
38	0.5
39	0.5
40	0.5
41	0.5
42	0.5
43	0.5
44	0.5
45	0.5
46	0.5
47	0.5
48	0.5
49	0.5
50	0.5
51	0.5
52	0.5
53	0.5
54	0.5
55	0.5
56	0.5
57	0.5
58	0.5
59	0.5
60	0.5
61	0.5
62	0.5
63	0.5
64	0.5
65	0.5
66	0.5
67	0.5
68	0.5
69	0.5
70	0.5
71	0.5
72	0.5
73	0.5
74	0.5
75	0.5
76	0.5
77	0.5
78	0.5
79	0.5
80	0.5
81	0.5
82	0.5
83	0.5
84	0.5
85	0.5
86	0.5
87	0.5
88	0.5
89	0.5
90	0.5
91	0.5
92	0.5
93	0.5
94	0.5
95	0.5
96	0.5
97	0.5
98	0.5
99	0.5
100	0.5
101	0.5
102	0.5
103	0.5
104	0.5
105	0.5
106	0.5
107	0.5
108	0.5
109	0.5
110	0.5
111	0.5
112	0.5
113	0.5
114	0.5
115	0.5
116	0.5
117	0.5
118	0.5
119	0.5
120	0.5
121	0.5
122	0.5
123	0.5
124	0.5
125	0.5
126	0.5
127	0.5
128	0.5
129	0.5
130	0.5
131	0.5
132	0.5
133	0.5
134	0.5
135	0.5
136	0.5
137	0.5
138	0.5
139	0.5
140	0.5
141	0.5
142	0.5
143	0.5
144	0.5
145	0.5
146	0.5
147	0.5
148	0.5
149	0.5
150	0.5
151	0.5
152	0.5
153	0.5
154	0.5
155	0.5
156	0.5
157	0.5
158	0.5
159	0.5
160	0.5
161	0.5
162	0.5
163	0.5
164	0.5
165	0.5
166	0.5
167	0.5
168	0.5
169	0.5
170	0.5
171	0.5
172	0.5
173	0.5
174	0.5
175	0.5
176	0.5
177	0.5
178	0.5
179	0.5
180	0.5
181	0.5
182	0.5
183	0.5
184	0.5
185	0.5
186	0.5
187	0.5
188	0.5
189	0.5
190	0.5
191	0.5
192	0.5
193	0.5
194	0.5
195	0.5
196	0.5
197	0.5
198	0.5
199	0.5
200	0.5
201	0.5
202	0.5
203	0.5
204	0.5
205	0.5
206	0.5
207	0.5
208	0.5
209	0.5
210	0.5
211	0.5
212	0.5
213	0.5
214	0.5
215	0.5
216	0.5
217	0.5
218	0.5
219	0.5
220	0.5
221	0.5
222	0.5
223	0.5
224	0.5
225	0.5
226	0.5
227	0.5
228	0.5
229	0.5
230	0.5
231	0.5
232	0.5
233	0.5
234	0.5
235	0.5
236	0.5
237	0.5
238	0.5
239	0.5
240	0.5
241	0.5
242	0.5
243	0.5
244	0.5
245	0.5
246	0.5
247	0.5
248	0.5
249	0.5
250	0.5
251	0.5
252	0.5
253	0.5
254	0.5
255	0.5
256	0.5
257	0.5
258	0.5
259	0.5
260	0.5
261	0.5
262	0.5
263	0.5
264	0.5
265	0.5
266	0.5
267	0.5
268	0.5
269	0.5
270	0.5
271	0.5
272	0.5
273	0.5
274	0.5
275	0.5
276	0.5
277	0.5
278	0.5
279	0.5
280	0.5
281	0.5
282	0.5
283	0.5
284	0.5
285	0.5
286	0.5
287	0.5
288	0.5
289	0.5
290	0.5
291	0.5
292	0.5
293	0.5
294	0.5
295	0.5
296	0.5
297	0.5
298	0.5
299	0.5
300	0.5
301	0.5
302	0.5
303	0.5
304	0.5
305	0.5
306	0.5
307	0.5
308	0.5
309	0.5
310	0.5
311	0.5
312	0.5
313	0.5
314	0.5
315	0.5
316	0.5
317	0.5
318	0.5
319	0.5
320	0.5
321	0.5
322	0.5
323	0.5
324	0.5
325	0.5
326	0.5
327	0.5
328	0.5
329	0.5
330	0.5
331	0.5
332	0.5
333	0.5
334	0.5
335	0.5
336	0.5
337	0.5
338	0.5
339	0.5
340	0.5
341	0.5
342	0.5
343	0.5
344	0.5
345	0.5
346	0.5
347	0.5
348	0.5
349	0.5
350	0.5
351	0.5
352	0.5
353	0.5
354	0.5
355	0.5
356	0.5
357	0.5
358	0.5
359	0.5
360	0.5
361	0.5
362	0.5
363	0.5
364	0.5
365	0.5
366	0.5
367	0.5
368	0.5
369	0.5
370	0.5
371	0.5
372	0.5
373	0.5
374	0.5
375	0.5
376	0.5
377	0.5
378	0.5
379	0.5
380	0.5
381	0.5
382	0.5
383	0.5
384	0.5
385	0.5
386	0.5
387	0.5
388	0.5
389	0.5
390	0.5
391	0.5
392	0.5
393	0.5
394	0.5
395	0.5
396	0.5
397	0.5
398	0.5
399	0.5
400	1.5
401	1.5
402	1.5
403	1.5
404	1.5
405	1.5
406	1.5
407	1.5
408	1.5
409	1.5
410	1.5
411	1.5
412	1.5
413	1.5
414	1.5
415	1.5
416	1.5
417	1.5
418	1.5
419	1.5
420	1.5
421	1.5
422	1.5
423	1.5
424	1.5
425	1.5
426	1.5
427	1.5
428	1.5
429	1.5
430	1.5
431	1.5
432	1.5
433	1.5
434	1.5
435	1.5
436	1.5
437	1.5
438	1.5
439	1.5
440	1.5
441	1.5
442	1.5
443	1.5
444	1.5
445	1.5
446	1.5
447	1.5
448	1.5
449	1.5
450	1.5
451	1.5
452	1.5
453	1.5
454	1.5
455	1.5
456	1.5
457	1.5
458	1.5
459	1.5
460	1.5
461	1.5
462	1.5
463	1.5
464	1.5
465	1.5
466	1.5
467	1.5
468	1.5
469	1.5
470	1.5
471	1.5
472	1.5
473	1.5
474	1.5
475	1.5
476	1.5
477	1.5
478	1.5
479	1.5
480	1.5
481	1.5
482	1.5
483	1.5
484	1.5
485	1.5
486	1.5
487	1.5
488	1.5
489	1.5
490	1.5
491	1.5
492	1.5
493	1.5
494	1.5
495	1.5
496	1.5
497	1.5
498	1.5
499	1.5
500	1.5
501	1.5
502	1.5
503	1.5
504	1.5
505	1.5
506	1.5
507	1.5
508	1.5
509	1.5
510	1.5
511	1.5
512	1.5
513	1.5
514	1.5
515	1.5
516	1.5
517	1.5
518	1.5
519	1.5
520	1.5
521	1.5
522	1.5
523	1.5
524	1.5
525	1.5
526	1.5
527	1.5
528	1.5
529	1.5
530	1.5
531	1.5
532	1.5
533	1.5
534	1.5
535	1.5
536	1.5
537	1.5
538	1.5
539	1.5
540	1.5
541	1.5
542	1.5
543	1.5
544	1.5
545	1.5
546	1.5
547	1.5
548	1.5
549	1.5
550	1.5
551	1.5
552	1.5
553	1.5
554	1.5
555	1.5
556	1.5
557	1.5
558	1.5
559	1.5
560	1.5
561	1.5
562	1.5
563	1.5
564	1.5
565	1.5
566	1.5
567	1.5
568	1.5
569	1.5
570	1.5
571	1.5
572	1.5
573	1.5
574	1.5
575	1.5
576	1.5
577	1.5
578	1.5
579	1.5
580	1.5
581	1.5
582	1.5
583	1.5
584	1.5
585	1.5
586	1.5
587	1.5
588	1.5
589	1.5
590	1.5
591	1.5
592	1.5
593	1.5
594	1.5
595	1.5
596	1.5
597	1.5
598	1.5
599	1.5
600	1.5
601	1.5
602	1.5
603	1.5
604	1.5
605	1.5
606	1.5
607	1.5
608	1.5
609	1.5
610	1.5
611	1.5
612	1.5
613	1.5
614	1.5
615	1.5
616	1.5
617	1.5
618	1.5
619	1.5
620	1.5
621	1.5
622	1.5
623	1.5
624	1.5
625	1.5
626	1.5
627	1.5
628	1.5
629	1.5
630	1.5
631	1.5
632	1.5
633	1.5
634	1.5
635	1.5
636	1.5
637	1.5
638	1.5
639	1.5
640	1.5
641	1.5
642	1.5
643	1.5
644	1.5
645	1.5
646	1.5
647	1.5
648	1.5
649	1.5
650	1.5
651	1.5
652	1.5
653	1.5
654	1.5
655	1.5
656	1.5
657	1.5
658	1.5
659	1.5
660	1.5
661	1.5
662	1.5
663	1.5
664	1.5
665	1.5
666	1.5
667	1.5
668	1.5
669	1.5
670	1.5
671	1.5
672	1.5
673	1.5
674	1.5
675	1.5
676	1.5
677	1.5
678	1.5
679	1.5
680	1.5
681	1.5
682	1.5
683	1.5
684	1.5
685	1.5
686	1.5
687	1.5
688	1.5
689	1.5
690	1.5
691	1.5
692	1.5
693	1.5
694	1.5
695	1.5
696	1.5
697	1.5
698	1.5
699	1.5
700	1.5
701	1.5
702	1.5
703	1.5
704	1.5
705	1.5
706	1.5
707	1.5
708	1.5
709	1.5
710	1.5
711	1.5
712	1.5
713	1.5
714	1.5
715	1.5
716	1.5
717	1.5
718	1.5
719	1.5
720	1.5
721	1.5
722	1.5
723	1.5
724	1.5
725	1.5
726	1.5
727	1.5
728	1.5
729	1.5
730	1.5
731	1.5
732	1.5
733	1.5
734	1.5
735	1.5
736	1.5
737	1.5
738	1.5
739	1.5
740	1.5
741	1.5
742	1.5
743	1.5
744	1.5
745	1.5
746	1.5
747	1.5
748	1.5
749	1.5
750	1.5
751	1.5
752	1.5
753	1.5
754	1.5
755	1.5
756	1.5
757	1.5
758	1.5
759	1.5
760	1.5
761	1.5
762	1.5
763	1.5
764	1.5
765	1.5
766	1.5
767	1.5
768	1.5
769	1.5
770	1.5
771	1.5
772	1.5
773	1.5
774	1.5
775	1.5
776	1.5
777	1.5
778	1.5
779	1.5
780	1.5
781	1.5
782	1.5
783	1.5
784	1.5
785	1.5
786	1.5
787	1.5
788	1.5
789	1.5
790	1.5
791	1.5
792	1.5
793	1.5
794	1.5
795	1.5
796	1.5
797	1.5
798	1.5
799	1.5
800	2.5
801	2.5
802	2.5
803	2.5
804	2.5
805	2.5
806	2.5
807	2.5
808	2.5
809	2.5
810	2.5
811	2.5
812	2.5
813	2.5
814	2.5
815	2.5
816	2.5
817	2.5
818	2.5
819	2.5
820	2.5
821	2.5
822	2.5
823	2.5
824	2.5
825	2.5
826	2.5
827	2.5
828	2.5
829	2.5
830	2.5
831	2.5
832	2.5
833	2.5
834	2.5
835	2.5
836	2.5
837	2.5
838	2.5
839	2.5
840	2.5
841	2.5
842	2.5
843	2.5
844	2.5
845	2.5
846	2.5
847	2.5
848	2.5
849	2.5
850	2.5
851	2.5
852	2.5
853	2.5
854	2.5
855	2.5
856	2.5
857	2.5
858	2.5
859	2.5
860	2.5
861	2.5
862	2.5
863	2.5
864	2.5
865	2.5
866	2.5
867	2.5
868	2.5
869	2.5
870	2.5
871	2.5
872	2.5
873	2.5
874	2.5
875	2.5
876	2.5
877	2.5
878	2.5
879	2.5
880	2.5
881	2.5
882	2.5
883	2.5
884	2.5
885	2.5
886	2.5
887	2.5
888	2.5
889	2.5
890	2.5
891	2.5
892	2.5
893	2.5
894	2.5
895	2.5
896	2.5
897	2.5
898	2.5
899	2.5
900	2.5
901	2.5
902	2.5
903	2.5
904	2.5
905	2.5
906	2.5
907	2.5
908	2.5
909	2.5
910	2.5
911	2.5
912	2.5
913	2.5
914	2.5
915	2.5
916	2.5
917	2.5
918	2.5
919	2.5
920	2.5
921	2.5
922	2.5
923	2.5
924	2.5
925	2.5
926	2.5
927	2.5
928	2.5
929	2.5
930	2.5
931	2.5
932	2.5
933	2.5
934	2.5
935	2.5
936	2.5
937	2.5
938	2.5
939	2.5
940	2.5
941	2.5
942	2.5
943	2.5
944	2.5
945	2.5
946	2.5
947	2.5
948	2.5
949	2.5
950	2.5
951	2.5
952	2.5
953	2.5
954	2.5
955	2.5
956	2.5
957	2.5
958	2.5
959	2.5
960	2.5
961	2.5
962	2.5
963	2.5
964	2.5
965	2.5
966	2.5
967	2.5
968	2.5
969	2.5
970	2.5
971	2.5
972	2.5
973	2.5
974	2.5
975	2.5
976	2.5
977	2.5
978	2.5
979	2.5
980	2.5
981	2.5
982	2.5
983	2.5
984	2.5
985	2.5
986	2.5
987	2.5
988	2.5
989	2.5
990	2.5
991	2.5
992	2.5
993	2.5
994	2.5
995	2.5
996	2.5
997	2.5
998	2.5
999	2.5
1000	2.5
1001	2.5
1002	2.5
1003	2.5
1004	2.5
1005	2.5
1006	2.5
1007	2.5
1008	2.5
1009	2.5
1010	2.5
1011	2.5
1012	2.5
1013	2.5
1014	2.5
1015	2.5
1016	2.5
1017	2.5
1018	2.5
1019	2.5
1020	2.5
1021	2.5
1022	2.5
1023	2.5
1024	2.5
1025	2.5
1026	2.5
1027	2.5
1028	2.5
1029	2.5
1030	2.5
1031	2.5
1032	2.5
1033	2.5
1034	2.5
1035	2.5
1036	2.5
1037	2.5
1038	2.5
1039	2.5
1040	2.5
1041	2.5
1042	2.5
1043	2.5
1044	2.5
1045	2.5
1046	2.5
1047	2.5
1048	2.5
1049	2.5
1050	2.5
1051	2.5
1052	2.5
1053	2.5
1054	2.5
1055	2.5
1056	2.5
1057	2.5
1058	2.5
1059	2.5
1060	2.5
1061	2.5
1062	2.5
1063	2.5
1064	2.5
1065	2.5
1066	2.5
1067	2.5
1068	2.5
1069	2.5
1070	2.5
1071	2.5
1072	2.5
1073	2.5
1074	2.5
1075	2.5
1076	2.5
1077	2.5
1078	2.5
1079	2.5
1080	2.5
1081	2.5
1082	2.5
1083	2.5
1084	2.5
1085	2.5
1086	2.5
1087	2.5
1088	2.5
1089	2.5
1090	2.5
1091	2.5
1092	2.5
1093	2.5
1094	2.5
1095	2.5
1096	2.5
1097	2.5
1098	2.5
1099	2.5
1100	2.5
1101	2.5
1102	2.5
1103	2.5
1104	2.5
1105	2.5
1106	2.5
1107	2.5
1108	2.5
1109	2.5
1110	2.5
1111	2.5
1112	2.5
1113	2.5
1114	2.5
1115	2.5
1116	2.5
1117	2.5
1118	2.5
1119	2.5
1120	2.5
1121	2.5
1122	2.5
1123	2.5
1124	2.5
1125	2.5
1126	2.5
1127	2.5
1128	2.5
1129	2.5
1130	2.5
1131	2.5
1132	2.5
1133	2.5
1134	2.5
1135	2.5
1136	2.5
1137	2.5
1138	2.5
1139	2.5
1140	2.5
1141	2.5
1142	2.5
1143	2.5
1144	2.5
1145	2.5
1146	2.5
1147	2.5
1148	2.5
1149	2.5
1150	2.5
1151	2.5
1152	2.5
1153	2.5
1154	2.5
1155	2.5
1156	2.5
1157	2.5
1158	2.5
1159	2.5
1160	2.5
1161	2.5
1162	2.5
1163	2.5
1164	2.5
1165	2.5
1166	2.5
1167	2.5
1168	2.5
1169	2.5
1170	2.5
1171	2.5
1172	2.5
1173	2.5
1174	2.5
1175	2.5
1176	2.5
1177	2.5
1178	2.5
1179	2.5
1180	2.5
1181	2.5
1182	2.5
1183	2.5
1184	2.5
1185	2.5
1186	2.5
1187	2.5
1188	2.5
1189	2.5
1190	2.5
1191	2.5
1192	2.5
1193	2.5
1194	2.5
1195	2.5
1196	2.5
1197	2.5
1198	2.5
1199	2.5
1200	3.5
1201	3.5
1202	3.5
1203	3.5
1204	3.5
1205	3.5
1206	3.5
1207	3.5
1208	3.5
1209	3.5
1210	3.5
1211	3.5
1212	3.5
1213	3.5
1214	3.5
1215	3.5
1216	3.5
1217	3.5
1218	3.5
1219	3.5
1220	3.5
1221	3.5
1222	3.5
1223	3.5
1224	3.5
1225	3.5
1226	3.5
1227	3.5
1228	3.5
1229	3.5
1230	3.5
1231	3.5
1232	3.5
1233	3.5
1234	3.5
1235	3.5
1236	3.5
1237	3.5
1238	3.5
1239	3.5
1240	3.5
1241	3.5
1242	3.5
1243	3.5
1244	3.5
1245	3.5
1246	3.5
1247	3.5
1248	3.5
1249	3.5
1250	3.5
1251	3.5
1252	3.5
1253	3.5
1254	3.5
1255	3.5
1256	3.5
1257	3.5
1258	3.5
1259	3.5
1260	3.5
1261	3.5
1262	3.5
1263	3.5
1264	3.5
1265	3.5
1266	3.5
1267	3.5
1268	3.5
1269	3.5
1270	3.5
1271	3.5
1272	3.5
1273	3.5
1274	3.5
1275	3.5
1276	3.5
1277	3.5
1278	3.5
1279	3.5
1280	3.5
1281	3.5
1282	3.5
1283	3.5
1284	3.5
1285	3.5
1286	3.5
1287	3.5
1288	3.5
1289	3.5
1290	3.5
1291	3.5
1292	3.5
1293	3.5
1294	3.5
1295	3.5
1296	3.5
1297	3.5
1298	3.5
1299	3.5
1300	3.5
1301	3.5
1302	3.5
1303	3.5
1304	3.5
1305	3.5
1306	3.5
1307	3.5
1308	3.5
1309	3.5
1310	3.5
1311	3.5
1312	3.5
1313	3.5
1314	3.5
1315	3.5
1316	3.5
1317	3.5
1318	3.5
1319	3.5
1320	3.5
1321	3.5
1322	3.5
1323	3.5
1324	3.5
1325	3.5
1326	3.5
1327	3.5
1328	3.5
1329	3.5
1330	3.5
1331	3.5
1332	3.5
1333	3.5
1334	3.5
1335	3.5
1336	3.5
1337	3.5
1338	3.5
1339	3.5
1340	3.5
1341	3.5
1342	3.5
1343	3.5
1344	3.5
1345	3.5
1346	3.5
1347	3.5
1348	3.5
1349	3.5
1350	3.5
1351	3.5
1352	3.5
1353	3.5
1354	3.5
1355	3.5
1356	3.5
1357	3.5
1358	3.5
1359	3.5
1360	3.5
1361	3.5
1362	3.5
1363	3.5
1364	3.5
1365	3.5
1366	3.5
1367	3.5
1368	3.5
1369	3.5
1370	3.5
1371	3.5
1372	3.5
1373	3.5
1374	3.5
1375	3.5
1376	3.5
1377	3.5
1378	3.5
1379	3.5
1380	3.5
1381	3.5
1382	3.5
1383	3.5
1384	3.5
1385	3.5
1386	3.5
1387	3.5
1388	3.5
1389	3.5
1390	3.5
1391	3.5
1392	3.5
1393	3.5
1394	3.5
1395	3.5
1396	3.5
1397	3.5
1398	3.5
1399	3.5
1400	3.5
1401	3.5
1402	3.5
1403	3.5
1404	3.5
1405	3.5
1406	3.5
1407	3.5
1408	3.5
1409	3.5
1410	3.5
1411	3.5
1412	3.5
1413	3.5
1414	3.5
1415	3.5
1416	3.5
1417	3.5
1418	3.5
1419	3.5
1420	3.5
1421	3.5
1422	3.5
1423	3.5
1424	3.5
1425	3.5
1426	3.5
1427	3.5
1428	3.5
1429	3.5
1430	3.5
1431	3.5
1432	3.5
1433	3.5
1434	3.5
1435	3.5
1436	3.5
1437	3.5
1438	3.5
1439	3.5
1440	3.5
1441	3.5
1442	3.5
1443	3.5
1444	3.5
1445	3.5
1446	3.5
1447	3.5
1448	3.5
1449	3.5
1450	3.5
1451	3.5
1452	3.5
1453	3.5
1454	3.5
1455	3.5
1456	3.5
1457	3.5
1458	3.5
1459	3.5
1460	3.5
1461	3.5
1462	3.5
1463	3.5
1464	3.5
1465	3.5
1466	3.5
1467	3.5
1468	3.5
1469	3.5
1470	3.5
1471	3.5
1472	3.5
1473	3.5
1474	3.5
1475	3.5
1476	3.5
1477	3.5
1478	3.5
1479	3.5
1480	3.5
1481	3.5
1482	3.5
1483	3.5
1484	3.5
1485	3.5
1486	3.5
1487	3.5
1488	3.5
1489	3.5
1490	3.5
1491	3.5
1492	3.5
1493	3.5
1494	3.5
1495	3.5
1496	3.5
1497	3.5
1498	3.5
1499	3.5
1500	3.5
1501	3.5
1502	3.5
1503	3.5
1504	3.5
1505	3.5
1506	3.5
1507	3.5
1508	3.5
1509	3.5
1510	3.5
1511	3.5
1512	3.5
1513	3.5
1514	3.5
1515	3.5
1516	3.5
1517	3.5
1518	3.5
1519	3.5
1520	3.5
1521	3.5
1522	3.5
1523	3.5
1524	3.5
1525	3.5
1526	3.5
1527	3.5
1528	3.5
1529	3.5
1530	3.5
1531	3.5
1532	3.5
1533	3.5
1534	3.5
1535	3.5
1536	3.5
1537	3.5
1538	3.5
1539	3.5
1540	3.5
1541	3.5
1542	3.5
1543	3.5
1544	3.5
1545	3.5
1546	3.5
1547	3.5
1548	3.5
1549	3.5
1550	3.5
1551	3.5
1552	3.5
1553	3.5
1554	3.5
1555	3.5
1556	3.5
1557	3.5
1558	3.5
1559	3.5
1560	3.5
1561	3.5
1562	3.5
1563	3.5
1564	3.5
1565	3.5
1566	3.5
1567	3.5
1568	3.5
1569	3.5
1570	3.5
1571	3.5
1572	3.5
1573	3.5
1574	3.5
1575	3.5
1576	3.5
1577	3.5
1578	3.5
1579	3.5
1580	3.5
1581	3.5
1582	3.5
1583	3.5
1584	3.5
1585	3.5
1586	3.5
1587	3.5
1588	3.5
1589	3.5
1590	3.5
1591	3.5
1592	3.5
1593	3.5
1594	3.5
1595	3.5
1596	3.5
1597	3.5
1598	3.5
1599	3.5
1600	4.5
1601	4.5
1602	4.5
1603	4.5
1604	4.5
1605	4.5
1606	4.5
1607	4.5
1608	4.5
1609	4.5
1610	4.5
1611	4.5
1612	4.5
1613	4.5
1614	4.5
1615	4.5
1616	4.5
1617	4.5
1618	4.5
1619	4.5
1620	4.5
1621	4.5
1622	4.5
1623	4.5
1624	4.5
1625	4.5
1626	4.5
1627	4.5
1628	4.5
1629	4.5
1630	4.5
1631	4.5
1632	4.5
1633	4.5
1634	4.5
1635	4.5
1636	4.5
1637	4.5
1638	4.5
1639	4.5
1640	4.5
1641	4.5
1642	4.5
1643	4.5
1644	4.5
1645	4.5
1646	4.5
1647	4.5
1648	4.5
1649	4.5
1650	4.5
1651	4.5
1652	4.5
1653	4.5
1654	4.5
1655	4.5
1656	4.5
1657	4.5
1658	4.5
1659	4.5
1660	4.5
1661	4.5
1662	4.5
1663	4.5
1664	4.5
1665	4.5
1666	4.5
1667	4.5
1668	4.5
1669	4.5
1670	4.5
1671	4.5
1672	4.5
1673	4.5
1674	4.5
1675	4.5
1676	4.5
1677	4.5
1678	4.5
1679	4.5
1680	4.5
1681	4.5
1682	4.5
1683	4.5
1684	4.5
1685	4.5
1686	4.5
1687	4.5
1688	4.5
1689	4.5
1690	4.5
1691	4.5
1692	4.5
1693	4.5
1694	4.5
1695	4.5
1696	4.5
1697	4.5
1698	4.5
1699	4.5
1700	4.5
1701	4.5
1702	4.5
1703	4.5
1704	4.5
1705	4.5
1706	4.5
1707	4.5
1708	4.5
1709	4.5
1710	4.5
1711	4.5
1712	4.5
1713	4.5
1714	4.5
1715	4.5
1716	4.5
1717	4.5
1718	4.5
1719	4.5
1720	4.5
1721	4.5
1722	4.5
1723	4.5
1724	4.5
1725	4.5
1726	4.5
1727	4.5
1728	4.5
1729	4.5
1730	4.5
1731	4.5
1732	4.5
1733	4.5
1734	4.5
1735	4.5
1736	4.5
1737	4.5
1738	4.5
1739	4.5
1740	4.5
1741	4.5
1742	4.5
1743	4.5
1744	4.5
1745	4.5
1746	4.5
1747	4.5
1748	4.5
1749	4.5
1750	4.5
1751	4.5
1752	4.5
1753	4.5
1754	4.5
1755	4.5
1756	4.5
1757	4.5
1758	4.5
1759	4.5
1760	4.5
1761	4.5
1762	4.5
1763	4.5
1764	4.5
1765	4.5
1766	4.5
1767	4.5
1768	4.5
1769	4.5
1770	4.5
1771	4.5
1772	4.5
1773	4.5
1774	4.5
1775	4.5
1776	4.5
1777	4.5
1778	4.5
1779	4.5
1780	4.5
1781	4.5
1782	4.5
1783	4.5
1784	4.5
1785	4.5
1786	4.5
1787	4.5
1788	4.5
1789	4.5
1790	4.5
1791	4.5
1792	4.5
1793	4.5
1794	4.5
1795	4.5
1796	4.5
1797	4.5
1798	4.5
1799	4.5
1800	4.5
1801	4.5
1802	4.5
1803	4.5
1804	4.5
1805	4.5
1806	4.5
1807	4.5
1808	4.5
1809	4.5
1810	4.5
1811	4.5
1812	4.5
1813	4.5
1814	4.5
1815	4.5
1816	4.5
1817	4.5
1818	4.5
1819	4.5
1820	4.5
1821	4.5
1822	4.5
1823	4.5
1824	4.5
1825	4.5
1826	4.5
1827	4.5
1828	4.5
1829	4.5
1830	4.5
1831	4.5
1832	4.5
1833	4.5
1834	4.5
1835	4.5
1836	4.5
1837	4.5
1838	4.5
1839	4.5
1840	4.5
1841	4.5
1842	4.5
1843	4.5
1844	4.5
1845	4.5
1846	4.5
1847	4.5
1848	4.5
1849	4.5
1850	4.5
1851	4.5
1852	4.5
1853	4.5
1854	4.5
1855	4.5
1856	4.5
1857	4.5
1858	4.5
1859	4.5
1860	4.5
1861	4.5
1862	4.5
1863	4.5
1864	4.5
1865	4.5
1866	4.5
1867	4.5
1868	4.5
1869	4.5
1870	4.5
1871	4.5
1872	4.5
1873	4.5
1874	4.5
1875	4.5
1876	4.5
1877	4.5
1878	4.5
1879	4.5
1880	4.5
1881	4.5
1882	4.5
1883	4.5
1884	4.5
1885	4.5
1886	4.5
1887	4.5
1888	4.5
1889	4.5
1890	4.5
1891	4.5
1892	4.5
1893	4.5
1894	4.5
1895	4.5
1896	4.5
1897	4.5
1898	4.5
1899	4.5
1900	4.5
1901	4.5
1902	4.5
1903	4.5
1904	4.5
1905	4.5
1906	4.5
1907	4.5
1908	4.5
1909	4.5
1910	4.5
1911	4.5
1912	4.5
1913	4.5
1914	4.5
1915	4.5
1916	4.5
1917	4.5
1918	4.5
1919	4.5
1920	4.5
1921	4.5
1922	4.5
1923	4.5
1924	4.5
1925	4.5
1926	4.5
1927	4.5
1928	4.5
1929	4.5
1930	4.5
1931	4.5
1932	4.5
1933	4.5
1934	4.5
1935	4.5
1936	4.5
1937	4.5
1938	4.5
1939	4.5
1940	4.5
1941	4.5
1942	4.5
1943	4.5
1944	4.5
1945	4.5
1946	4.5
1947	4.5
1948	4.5
1949	4.5
1950	4.5
1951	4.5
1952	4.5
1953	4.5
1954	4.5
1955	4.5
1956	4.5
1957	4.5
1958	4.5
1959	4.5
1960	4.5
1961	4.5
1962	4.5
1963	4.5
1964	4.5
1965	4.5
1966	4.5
1967	4.5
1968	4.5
1969	4.5
1970	4.5
1971	4.5
1972	4.5
1973	4.5
1974	4.5
1975	4.5
1976	4.5
1977	4.5
1978	4.5
1979	4.5
1980	4.5
1981	4.5
1982	4.5
1983	4.5
1984	4.5
1985	4.5
1986	4.5
1987	4.5
1988	4.5
1989	4.5
1990	4.5
1991	4.5
1992	4.5
1993	4.5
1994	4.5
1995	4.5
1996	4.5
1997	4.5
1998	4.5
1999	4.5
2000	5.5
2001	5.5
2002	5.5
2003	5.5
2004	5.5
2005	5.5
2006	5.5
2007	5.5
2008	5.5
2009	5.5
2010	5.5
2011	5.5
2012	5.5
2013	5.5
2014	5.5
2015	5.5
2016	5.5
2017	5.5
2018	5.5
2019	5.5
2020	5.5
2021	5.5
2022	5.5
2023	5.5
2024	5.5
2025	5.5
2026	5.5
2027	5.5
2028	5.5
2029	5.5
2030	5.5
2031	5.5
2032	5.5
2033	5.5
2034	5.5
2035	5.5
2036	5.5
2037	5.5
2038	5.5
2039	5.5
2040	5.5
2041	5.5
2042	5.5
2043	5.5
2044	5.5
2045	5.5
2046	5.5
2047	5.5
2048	5.5
2049	5.5
2050	5.5
2051	5.5
2052	5.5
2053	5.5
2054	5.5
2055	5.5
2056	5.5
2057	5.5
2058	5.5
2059	5.5
2060	5.5
2061	5.5
2062	5.5
2063	5.5
2064	5.5
2065	5.5
2066	5.5
2067	5.5
2068	5.5
2069	5.5
2070	5.5
2071	5.5
2072	5.5
2073	5.5
2074	5.5
2075	5.5
2076	5.5
2077	5.5
2078	5.5
2079	5.5
2080	5.5
2081	5.5
2082	5.5
2083	5.5
2084	5.5
2085	5.5
2086	5.5
2087	5.5
2088	5.5
2089	5.5
2090	5.5
2091	5.5
2092	5.5
2093	5.5
2094	5.5
2095	5.5
2096	5.5
2097	5.5
2098	5.5
2099	5.5
2100	5.5
2101	5.5
2102	5.5
2103	5.5
2104	5.5
2105	5.5
2106	5.5
2107	5.5
2108	5.5
2109	5.5
2110	5.5
2111	5.5
2112	5.5
2113	5.5
2114	5.5
2115	5.5
2116	5.5
2117	5.5
2118	5.5
2119	5.5
2120	5.5
2121	5.5
2122	5.5
2123	5.5
2124	5.5
2125	5.5
2126	5.5
2127	5.5
2128	5.5
2129	5.5
2130	5.5
2131	5.5
2132	5.5
2133	5.5
2134	5.5
2135	5.5
2136	5.5
2137	5.5
2138	5.5
2139	5.5
2140	5.5
2141	5.5
2142	5.5
2143	5.5
2144	5.5
2145	5.5
2146	5.5
2147	5.5
2148	5.5
2149	5.5
2150	5.5
2151	5.5
2152	5.5
2153	5.5
2154	5.5
2155	5.5
2156	5.5
2157	5.5
2158	5.5
2159	5.5
2160	5.5
2161	5.5
2162	5.5
2163	5.5
2164	5.5
2165	5.5
2166	5.5
2167	5.5
2168	5.5
2169	5.5
2170	5.5
2171	5.5
2172	5.5
2173	5.5
2174	5.5
2175	5.5
2176	5.5
2177	5.5
2178	5.5
2179	5.5
2180	5.5
2181	5.5
2182	5.5
2183	5.5
2184	5.5
2185	5.5
2186	5.5
2187	5.5
2188	5.5
2189	5.5
2190	5.5
2191	5.5
2192	5.5
2193	5.5
2194	5.5
2195	5.5
2196	5.5
2197	5.5
2198	5.5
2199	5.5
2200	5.5
2201	5.5
2202	5.5
2203	5.5
2204	5.5
2205	5.5
2206	5.5
2207	5.5
2208	5.5
2209	5.5
2210	5.5
2211	5.5
2212	5.5
2213	5.5
2214	5.5
2215	5.5
2216	5.5
2217	5.5
2218	5.5
2219	5.5
2220	5.5
2221	5.5
2222	5.5
2223	5.5
2224	5.5
2225	5.5
2226	5.5
2227	5.5
2228	5.5
2229	5.5
2230	5.5
2231	5.5
2232	5.5
2233	5.5
2234	5.5
2235	5.5
2236	5.5
2237	5.5
2238	5.5
2239	5.5
2240	5.5
2241	5.5
2242	5.5
2243	5.5
2244	5.5
2245	5.5
2246	5.5
2247	5.5
2248	5.5
2249	5.5
2250	5.5
2251	5.5
2252	5.5
2253	5.5
2254	5.5
2255	5.5
2256	5.5
2257	5.5
2258	5.5
2259	5.5
2260	5.5
2261	5.5
2262	5.5
2263	5.5
2264	5.5
2265	5.5
2266	5.5
2267	5.5
2268	5.5
2269	5.5
2270	5.5
2271	5.5
2272	5.5
2273	5.5
2274	5.5
2275	5.5
2276	5.5
2277	5.5
2278	5.5
2279	5.5
2280	5.5
2281	5.5
2282	5.5
2283	5.5
2284	5.5
2285	5.5
2286	5.5
2287	5.5
2288	5.5
2289	5.5
2290	5.5
2291	5.5
2292	5.5
2293	5.5
2294	5.5
2295	5.5
2296	5.5
2297	5.5
2298	5.5
2299	5.5
2300	5.5
2301	5.5
2302	5.5
2303	5.5
2304	5.5
2305	5.5
2306	5.5
2307	5.5
2308	5.5
2309	5.5
2310	5.5
2311	5.5
2312	5.5
2313	5.5
2314	5.5
2315	5.5
2316	5.5
2317	5.5
2318	5.5
2319	5.5
2320	5.5
2321	5.5
2322	5.5
2323	5.5
2324	5.5
2325	5.5
2326	5.5
2327	5.5
2328	5.5
2329	5.5
2330	5.5
2331	5.5
2332	5.5
2333	5.5
2334	5.5
2335	5.5
2336	5.5
2337	5.5
2338	5.5
2339	5.5
2340	5.5
2341	5.5
2342	5.5
2343	5.5
2344	5.5
2345	5.5
2346	5.5
2347	5.5
2348	5.5
2349	5.5
2350	5.5
2351	5.5
2352	5.5
2353	5.5
2354	5.5
2355	5.5
2356	5.5
2357	5.5
2358	5.5
2359	5.5
2360	5.5
2361	5.5
2362	5.5
2363	5.5
2364	5.5
2365	5.5
2366	5.5
2367	5.5
2368	5.5
2369	5.5
2370	5.5
2371	5.5
2372	5.5
2373	5.5
2374	5.5
2375	5.5
2376	5.5
2377	5.5
2378	5.5
2379	5.5
2380	5.5
2381	5.5
2382	5.5
2383	5.5
2384	5.5
2385	5.5
2386	5.5
2387	5.5
2388	5.5
2389	5.5
2390	5.5
2391	5.5
2392	5.5
2393	5.5
2394	5.5
2395	5.5
2396	5.5
2397	5.5
2398	5.5
2399	5.5
2400	6.5
2401	6.5
2402	6.5
2403	6.5
2404	6.5
2405	6.5
2406	6.5
2407	6.5
2408	6.5
2409	6.5
2410	6.5
2411	6.5
2412	6.5
2413	6.5
2414	6.5
2415	6.5
2416	6.5
2417	6.5
2418	6.5
2419	6.5
2420	6.5
2421	6.5
2422	6.5
2423	6.5
2424	6.5
2425	6.5
2426	6.5
2427	6.5
2428	6.5
2429	6.5
2430	6.5
2431	6.5
2432	6.5
2433	6.5
2434	6.5
2435	6.5
2436	6.5
2437	6.5
2438	6.5
2439	6.5
2440	6.5
2441	6.5
2442	6.5
2443	6.5
2444	6.5
2445	6.5
2446	6.5
2447	6.5
2448	6.5
2449	6.5
2450	6.5
2451	6.5
2452	6.5
2453	6.5
2454	6.5
2455	6.5
2456	6.5
2457	6.5
2458	6.5
2459	6.5
2460	6.5
2461	6.5
2462	6.5
2463	6.5
2464	6.5
2465	6.5
2466	6.5
2467	6.5
2468	6.5
2469	6.5
2470	6.5
2471	6.5
2472	6.5
2473	6.5
2474	6.5
2475	6.5
2476	6.5
2477	6.5
2478	6.5
2479	6.5
2480	6.5
2481	6.5
2482	6.5
2483	6.5
2484	6.5
2485	6.5
2486	6.5
2487	6.5
2488	6.5
2489	6.5
2490	6.5
2491	6.5
2492	6.5
2493	6.5
2494	6.5
2495	6.5
2496	6.5
2497	6.5
2498	6.5
2499	6.5
2500	6.5
2501	6.5
2502	6.5
2503	6.5
2504	6.5
2505	6.5
2506	6.5
2507	6.5
2508	6.5
2509	6.5
2510	6.5
2511	6.5
2512	6.5
2513	6.5
2514	6.5
2515	6.5
2516	6.5
2517	6.5
2518	6.5
2519	6.5
2520	6.5
2521	6.5
2522	6.5
2523	6.5
2524	6.5
2525	6.5
2526	6.5
2527	6.5
2528	6.5
2529	6.5
2530	6.5
2531	6.5
2532	6.5
2533	6.5
2534	6.5
2535	6.5
2536	6.5
2537	6.5
2538	6.5
2539	6.5
2540	6.5
2541	6.5
2542	6.5
2543	6.5
2544	6.5
2545	6.5
2546	6.5
2547	6.5
2548	6.5
2549	6.5
2550	6.5
2551	6.5
2552	6.5
2553	6.5
2554	6.5
2555	6.5
2556	6.5
2557	6.5
2558	6.5
2559	6.5
2560	6.5
2561	6.5
2562	6.5
2563	6.5
2564	6.5
2565	6.5
2566	6.5
2567	6.5
2568	6.5
2569	6.5
2570	6.5
2571	6.5
2572	6.5
2573	6.5
2574	6.5
2575	6.5
2576	6.5
2577	6.5
2578	6.5
2579	6.5
2580	6.5
2581	6.5
2582	6.5
2583	6.5
2584	6.5
2585	6.5
2586	6.5
2587	6.5
2588	6.5
2589	6.5
2590	6.5
2591	6.5
2592	6.5
2593	6.5
2594	6.5
2595	6.5
2596	6.5
2597	6.5
2598	6.5
2599	6.5
2600	6.5
2601	6.5
2602	6.5
2603	6.5
2604	6.5
2605	6.5
2606	6.5
2607	6.5
2608	6.5
2609	6.5
2610	6.5
2611	6.5
2612	6.5
2613	6.5
2614	6.5
2615	6.5
2616	6.5
2617	6.5
2618	6.5
2619	6.5
2620	6.5
2621	6.5
2622	6.5
2623	6.5
2624	6.5
2625	6.5
2626	6.5
2627	6.5
2628	6.5
2629	6.5
2630	6.5
2631	6.5
2632	6.5
2633	6.5
2634	6.5
2635	6.5
2636	6.5
2637	6.5
2638	6.5
2639	6.5
2640	6.5
2641	6.5
2642	6.5
2643	6.5
2644	6.5
2645	6.5
2646	6.5
2647	6.5
2648	6.5
2649	6.5
2650	6.5
2651	6.5
2652	6.5
2653	6.5
2654	6.5
2655	6.5
2656	6.5
2657	6.5
2658	6.5
2659	6.5
2660	6.5
2661	6.5
2662	6.5
2663	6.5
2664	6.5
2665	6.5
2666	6.5
2667	6.5
2668	6.5
2669	6.5
2670	6.5
2671	6.5
2672	6.5
2673	6.5
2674	6.5
2675	6.5
2676	6.5
2677	6.5
2678	6.5
2679	6.5
2680	6.5
2681	6.5
2682	6.5
2683	6.5
2684	6.5
2685	6.5
2686	6.5
2687	6.5
2688	6.5
2689	6.5
2690	6.5
2691	6.5
2692	6.5
2693	6.5
2694	6.5
2695	6.5
2696	6.5
2697	6.5
2698	6.5
2699	6.5
2700	6.5
2701	6.5
2702	6.5
2703	6.5
2704	6.5
2705	6.5
2706	6.5
2707	6.5
2708	6.5
2709	6.5
2710	6.5
2711	6.5
2712	6.5
2713	6.5
2714	6.5
2715	6.5
2716	6.5
2717	6.5
2718	6.5
2719	6.5
2720	6.5
2721	6.5
2722	6.5
2723	6.5
2724	6.5
2725	6.5
2726	6.5
2727	6.5
2728	6.5
2729	6.5
2730	6.5
2731	6.5
2732	6.5
2733	6.5
2734	6.5
2735	6.5
2736	6.5
2737	6.5
2738	6.5
2739	6.5
2740	6.5
2741	6.5
2742	6.5
2743	6.5
2744	6.5
2745	6.5
2746	6.5
2747	6.5
2748	6.5
2749	6.5
2750	6.5
2751	6.5
2752	6.5
2753	6.5
2754	6.5
2755	6.5
2756	6.5
2757	6.5
2758	6.5
2759	6.5
2760	6.5
2761	6.5
2762	6.5
2763	6.5
2764	6.5
2765	6.5
2766	6.5
2767	6.5
2768	6.5
2769	6.5
2770	6.5
2771	6.5
2772	6.5
2773	6.5
2774	6.5
2775	6.5
2776	6.5
2777	6.5
2778	6.5
2779	6.5
2780	6.5
2781	6.5
2782	6.5
2783	6.5
2784	6.5
2785	6.5
2786	6.5
2787	6.5
2788	6.5
2789	6.5
2790	6.5
2791	6.5
2792	6.5
2793	6.5
2794	6.5
2795	6.5
2796	6.5
2797	6.5
2798	6.5
2799	6.5
2800	7.5
2801	7.5
2802	7.5
2803	7.5
2804	7.5
2805	7.5
2806	7.5
2807	7.5
2808	7.5
2809	7.5
2810	7.5
2811	7.5
2812	7.5
2813	7.5
2814	7.5
2815	7.5
2816	7.5
2817	7.5
2818	7.5
2819	7.5
2820	7.5
2821	7.5
2822	7.5
2823	7.5
2824	7.5
2825	7.5
2826	7.5
2827	7.5
2828	7.5
2829	7.5
2830	7.5
2831	7.5
2832	7.5
2833	7.5
2834	7.5
2835	7.5
2836	7.5
2837	7.5
2838	7.5
2839	7.5
2840	7.5
2841	7.5
2842	7.5
2843	7.5
2844	7.5
2845	7.5
2846	7.5
2847	7.5
2848	7.5
2849	7.5
2850	7.5
2851	7.5
2852	7.5
2853	7.5
2854	7.5
2855	7.5
2856	7.5
2857	7.5
2858	7.5
2859	7.5
2860	7.5
2861	7.5
2862	7.5
2863	7.5
2864	7.5
2865	7.5
2866	7.5
2867	7.5
2868	7.5
2869	7.5
2870	7.5
2871	7.5
2872	7.5
2873	7.5
2874	7.5
2875	7.5
2876	7.5
2877	7.5
2878	7.5
2879	7.5
2880	7.5
2881	7.5
2882	7.5
2883	7.5
2884	7.5
2885	7.5
2886	7.5
2887	7.5
2888	7.5
2889	7.5
2890	7.5
2891	7.5
2892	7.5
2893	7.5
2894	7.5
2895	7.5
2896	7.5
2897	7.5
2898	7.5
2899	7.5
2900	7.5
2901	7.5
2902	7.5
2903	7.5
2904	7.5
2905	7.5
2906	7.5
2907	7.5
2908	7.5
2909	7.5
2910	7.5
2911	7.5
2912	7.5
2913	7.5
2914	7.5
2915	7.5
2916	7.5
2917	7.5
2918	7.5
2919	7.5
2920	7.5
2921	7.5
2922	7.5
2923	7.5
2924	7.5
2925	7.5
2926	7.5
2927	7.5
2928	7.5
2929	7.5
2930	7.5
2931	7.5
2932	7.5
2933	7.5
2934	7.5
2935	7.5
2936	7.5
2937	7.5
2938	7.5
2939	7.5
2940	7.5
2941	7.5
2942	7.5
2943	7.5
2944	7.5
2945	7.5
2946	7.5
2947	7.5
2948	7.5
2949	7.5
2950	7.5
2951	7.5
2952	7.5
2953	7.5
2954	7.5
2955	7.5
2956	7.5
2957	7.5
2958	7.5
2959	7.5
2960	7.5
2961	7.5
2962	7.5
2963	7.5
2964	7.5
2965	7.5
2966	7.5
2967	7.5
2968	7.5
2969	7.5
2970	7.5
2971	7.5
2972	7.5
2973	7.5
2974	7.5
2975	7.5
2976	7.5
2977	7.5
2978	7.5
2979	7.5
2980	7.5
2981	7.5
2982	7.5
2983	7.5
2984	7.5
2985	7.5
2986	7.5
2987	7.5
2988	7.5
2989	7.5
2990	7.5
2991	7.5
2992	7.5
2993	7.5
2994	7.5
2995	7.5
2996	7.5
2997	7.5
2998	7.5
2999	7.5
3000	7.5
3001	7.5
3002	7.5
3003	7.5
3004	7.5
3005	7.5
3006	7.5
3007	7.5
3008	7.5
3009	7.5
3010	7.5
3011	7.5
3012	7.5
3013	7.5
3014	7.5
3015	7.5
3016	7.5
3017	7.5
3018	7.5
3019	7.5
3020	7.5
3021	7.5
3022	7.5
3023	7.5
3024	7.5
3025	7.5
3026	7.5
3027	7.5
3028	7.5
3029	7.5
3030	7.5
3031	7.5
3032	7.5
3033	7.5
3034	7.5
3035	7.5
3036	7.5
3037	7.5
3038	7.5
3039	7.5
3040	7.5
3041	7.5
3042	7.5
3043	7.5
3044	7.5
3045	7.5
3046	7.5
3047	7.5
3048	7.5
3049	7.5
3050	7.5
3051	7.5
3052	7.5
3053	7.5
3054	7.5
3055	7.5
3056	7.5
3057	7.5
3058	7.5
3059	7.5
3060	7.5
3061	7.5
3062	7.5
3063	7.5
3064	7.5
3065	7.5
3066	7.5
3067	7.5
3068	7.5
3069	7.5
3070	7.5
3071	7.5
3072	7.5
3073	7.5
3074	7.5
3075	7.5
3076	7.5
3077	7.5
3078	7.5
3079	7.5
3080	7.5
3081	7.5
3082	7.5
3083	7.5
3084	7.5
3085	7.5
3086	7.5
3087	7.5
3088	7.5
3089	7.5
3090	7.5
3091	7.5
3092	7.5
3093	7.5
3094	7.5
3095	7.5
3096	7.5
3097	7.5
3098	7.5
3099	7.5
3100	7.5
3101	7.5
3102	7.5
3103	7.5
3104	7.5
3105	7.5
3106	7.5
3107	7.5
3108	7.5
3109	7.5
3110	7.5
3111	7.5
3112	7.5
3113	7.5
3114	7.5
3115	7.5
3116	7.5
3117	7.5
3118	7.5
3119	7.5
3120	7.5
3121	7.5
3122	7.5
3123	7.5
3124	7.5
3125	7.5
3126	7.5
3127	7.5
3128	7.5
3129	7.5
3130	7.5
3131	7.5
3132	7.5
3133	7.5
3134	7.5
3135	7.5
3136	7.5
3137	7.5
3138	7.5
3139	7.5
3140	7.5
3141	7.5
3142	7.5
3143	7.5
3144	7.5
3145	7.5
3146	7.5
3147	7.5
3148	7.5
3149	7.5
3150	7.5
3151	7.5
3152	7.5
3153	7.5
3154	7.5
3155	7.5
3156	7.5
3157	7.5
3158	7.5
3159	7.5
3160	7.5
3161	7.5
3162	7.5
3163	7.5
3164	7.5
3165	7.5
3166	7.5
3167	7.5
3168	7.5
3169	7.5
3170	7.5
3171	7.5
3172	7.5
3173	7.5
3174	7.5
3175	7.5
3176	7.5
3177	7.5
3178	7.5
3179	7.5
3180	7.5
3181	7.5
3182	7.5
3183	7.5
3184	7.5
3185	7.5
3186	7.5
3187	7.5
3188	7.5
3189	7.5
3190	7.5
3191	7.5
3192	7.5
3193	7.5
3194	7.5
3195	7.5
3196	7.5
3197	7.5
3198	7.5
3199	7.5
3200	8.5
3201	8.5
3202	8.5
3203	8.5
3204	8.5
3205	8.5
3206	8.5
3207	8.5
3208	8.5
3209	8.5
3210	8.5
3211	8.5
3212	8.5
3213	8.5
3214	8.5
3215	8.5
3216	8.5
3217	8.5
3218	8.5
3219	8.5
3220	8.5
3221	8.5
3222	8.5
3223	8.5
3224	8.5
3225	8.5
3226	8.5
3227	8.5
3228	8.5
3229	8.5
3230	8.5
3231	8.5
3232	8.5
3233	8.5
3234	8.5
3235	8.5
3236	8.5
3237	8.5
3238	8.5
3239	8.5
3240	8.5
3241	8.5
3242	8.5
3243	8.5
3244	8.5
3245	8.5
3246	8.5
3247	8.5
3248	8.5
3249	8.5
3250	8.5
3251	8.5
3252	8.5
3253	8.5
3254	8.5
3255	8.5
3256	8.5
3257	8.5
3258	8.5
3259	8.5
3260	8.5
3261	8.5
3262	8.5
3263	8.5
3264	8.5
3265	8.5
3266	8.5
3267	8.5
3268	8.5
3269	8.5
3270	8.5
3271	8.5
3272	8.5
3273	8.5
3274	8.5
3275	8.5
3276	8.5
3277	8.5
3278	8.5
3279	8.5
3280	8.5
3281	8.5
3282	8.5
3283	8.5
3284	8.5
3285	8.5
3286	8.5
3287	8.5
3288	8.5
3289	8.5
3290	8.5
3291	8.5
3292	8.5
3293	8.5
3294	8.5
3295	8.5
3296	8.5
3297	8.5
3298	8.5
3299	8.5
3300	8.5
3301	8.5
3302	8.5
3303	8.5
3304	8.5
3305	8.5
3306	8.5
3307	8.5
3308	8.5
3309	8.5
3310	8.5
3311	8.5
3312	8.5
3313	8.5
3314	8.5
3315	8.5
3316	8.5
3317	8.5
3318	8.5
3319	8.5
3320	8.5
3321	8.5
3322	8.5
3323	8.5
3324	8.5
3325	8.5
3326	8.5
3327	8.5
3328	8.5
3329	8.5
3330	8.5
3331	8.5
3332	8.5
3333	8.5
3334	8.5
3335	8.5
3336	8.5
3337	8.5
3338	8.5
3339	8.5
3340	8.5
3341	8.5
3342	8.5
3343	8.5
3344	8.5
3345	8.5
3346	8.5
3347	8.5
3348	8.5
3349	8.5
3350	8.5
3351	8.5
3352	8.5
3353	8.5
3354	8.5
3355	8.5
3356	8.5
3357	8.5
3358	8.5
3359	8.5
3360	8.5
3361	8.5
3362	8.5
3363	8.5
3364	8.5
3365	8.5
3366	8.5
3367	8.5
3368	8.5
3369	8.5
3370	8.5
3371	8.5
3372	8.5
3373	8.5
3374	8.5
3375	8.5
3376	8.5
3377	8.5
3378	8.5
3379	8.5
3380	8.5
3381	8.5
3382	8.5
3383	8.5
3384	8.5
3385	8.5
3386	8.5
3387	8.5
3388	8.5
3389	8.5
3390	8.5
3391	8.5
3392	8.5
3393	8.5
3394	8.5
3395	8.5
3396	8.5
3397	8.5
3398	8.5
3399	8.5
3400	8.5
3401	8.5
3402	8.5
3403	8.5
3404	8.5
3405	8.5
3406	8.5
3407	8.5
3408	8.5
3409	8.5
3410	8.5
3411	8.5
3412	8.5
3413	8.5
3414	8.5
3415	8.5
3416	8.5
3417	8.5
3418	8.5
3419	8.5
3420	8.5
3421	8.5
3422	8.5
3423	8.5
3424	8.5
3425	8.5
3426	8.5
3427	8.5
3428	8.5
3429	8.5
3430	8.5
3431	8.5
3432	8.5
3433	8.5
3434	8.5
3435	8.5
3436	8.5
3437	8.5
3438	8.5
3439	8.5
3440	8.5
3441	8.5
3442	8.5
3443	8.5
3444	8.5
3445	8.5
3446	8.5
3447	8.5
3448	8.5
3449	8.5
3450	8.5
3451	8.5
3452	8.5
3453	8.5
3454	8.5
3455	8.5
3456	8.5
3457	8.5
3458	8.5
3459	8.5
3460	8.5
3461	8.5
3462	8.5
3463	8.5
3464	8.5
3465	8.5
3466	8.5
3467	8.5
3468	8.5
3469	8.5
3470	8.5
3471	8.5
3472	8.5
3473	8.5
3474	8.5
3475	8.5
3476	8.5
3477	8.5
3478	8.5
3479	8.5
3480	8.5
3481	8.5
3482	8.5
3483	8.5
3484	8.5
3485	8.5
3486	8.5
3487	8.5
3488	8.5
3489	8.5
3490	8.5
3491	8.5
3492	8.5
3493	8.5
3494	8.5
3495	8.5
3496	8.5
3497	8.5
3498	8.5
3499	8.5
3500	8.5
3501	8.5
3502	8.5
3503	8.5
3504	8.5
3505	8.5
3506	8.5
3507	8.5
3508	8.5
3509	8.5
3510	8.5
3511	8.5
3512	8.5
3513	8.5
3514	8.5
3515	8.5
3516	8.5
3517	8.5
3518	8.5
3519	8.5
3520	8.5
3521	8.5
3522	8.5
3523	8.5
3524	8.5
3525	8.5
3526	8.5
3527	8.5
3528	8.5
3529	8.5
3530	8.5
3531	8.5
3532	8.5
3533	8.5
3534	8.5
3535	8.5
3536	8.5
3537	8.5
3538	8.5
3539	8.5
3540	8.5
3541	8.5
3542	8.5
3543	8.5
3544	8.5
3545	8.5
3546	8.5
3547	8.5
3548	8.5
3549	8.5
3550	8.5
3551	8.5
3552	8.5
3553	8.5
3554	8.5
3555	8.5
3556	8.5
3557	8.5
3558	8.5
3559	8.5
3560	8.5
3561	8.5
3562	8.5
3563	8.5
3564	8.5
3565	8.5
3566	8.5
3567	8.5
3568	8.5
3569	8.5
3570	8.5
3571	8.5
3572	8.5
3573	8.5
3574	8.5
3575	8.5
3576	8.5
3577	8.5
3578	8.5
3579	8.5
3580	8.5
3581	8.5
3582	8.5
3583	8.5
3584	8.5
3585	8.5
3586	8.5
3587	8.5
3588	8.5
3589	8.5
3590	8.5
3591	8.5
3592	8.5
3593	8.5
3594	8.5
3595	8.5
3596	8.5
3597	8.5
3598	8.5
3599	8.5
3600	9.5
3601	9.5
3602	9.5
3603	9.5
3604	9.5
3605	9.5
3606	9.5
3607	9.5
3608	9.5
3609	9.5
3610	9.5
3611	9.5
3612	9.5
3613	9.5
3614	9.5
3615	9.5
3616	9.5
3617	9.5
3618	9.5
3619	9.5
3620	9.5
3621	9.5
3622	9.5
3623	9.5
3624	9.5
3625	9.5
3626	9.5
3627	9.5
3628	9.5
3629	9.5
3630	9.5
3631	9.5
3632	9.5
3633	9.5
3634	9.5
3635	9.5
3636	9.5
3637	9.5
3638	9.5
3639	9.5
3640	9.5
3641	9.5
3642	9.5
3643	9.5
3644	9.5
3645	9.5
3646	9.5
3647	9.5
3648	9.5
3649	9.5
3650	9.5
3651	9.5
3652	9.5
3653	9.5
3654	9.5
3655	9.5
3656	9.5
3657	9.5
3658	9.5
3659	9.5
3660	9.5
3661	9.5
3662	9.5
3663	9.5
3664	9.5
3665	9.5
3666	9.5
3667	9.5
3668	9.5
3669	9.5
3670	9.5
3671	9.5
3672	9.5
3673	9.5
3674	9.5
3675	9.5
3676	9.5
3677	9.5
3678	9.5
3679	9.5
3680	9.5
3681	9.5
3682	9.5
3683	9.5
3684	9.5
3685	9.5
3686	9.5
3687	9.5
3688	9.5
3689	9.5
3690	9.5
3691	9.5
3692	9.5
3693	9.5
3694	9.5
3695	9.5
3696	9.5
3697	9.5
3698	9.5
3699	9.5
3700	9.5
3701	9.5
3702	9.5
3703	9.5
3704	9.5
3705	9.5
3706	9.5
3707	9.5
3708	9.5
3709	9.5
3710	9.5
3711	9.5
3712	9.5
3713	9.5
3714	9.5
3715	9.5
3716	9.5
3717	9.5
3718	9.5
3719	9.5
3720	9.5
3721	9.5
3722	9.5
3723	9.5
3724	9.5
3725	9.5
3726	9.5
3727	9.5
3728	9.5
3729	9.5
3730	9.5
3731	9.5
3732	9.5
3733	9.5
3734	9.5
3735	9.5
3736	9.5
3737	9.5
3738	9.5
3739	9.5
3740	9.5
3741	9.5
3742	9.5
3743	9.5
3744	9.5
3745	9.5
3746	9.5
3747	9.5
3748	9.5
3749	9.5
3750	9.5
3751	9.5
3752	9.5
3753	9.5
3754	9.5
3755	9.5
3756	9.5
3757	9.5
3758	9.5
3759	9.5
3760	9.5
3761	9.5
3762	9.5
3763	9.5
3764	9.5
3765	9.5
3766	9.5
3767	9.5
3768	9.5
3769	9.5
3770	9.5
3771	9.5
3772	9.5
3773	9.5
3774	9.5
3775	9.5
3776	9.5
3777	9.5
3778	9.5
3779	9.5
3780	9.5
3781	9.5
3782	9.5
3783	9.5
3784	9.5
3785	9.5
3786	9.5
3787	9.5
3788	9.5
3789	9.5
3790	9.5
3791	9.5
3792	9.5
3793	9.5
3794	9.5
3795	9.5
3796	9.5
3797	9.5
3798	9.5
3799	9.5
3800	9.5
3801	9.5
3802	9.5
3803	9.5
3804	9.5
3805	9.5
3806	9.5
3807	9.5
3808	9.5
3809	9.5
3810	9.5
3811	9.5
3812	9.5
3813	9.5
3814	9.5
3815	9.5
3816	9.5
3817	9.5
3818	9.5
3819	9.5
3820	9.5
3821	9.5
3822	9.5
3823	9.5
3824	9.5
3825	9.5
3826	9.5
3827	9.5
3828	9.5
3829	9.5
3830	9.5
3831	9.5
3832	9.5
3833	9.5
3834	9.5
3835	9.5
3836	9.5
3837	9.5
3838	9.5
3839	9.5
3840	9.5
3841	9.5
3842	9.5
3843	9.5
3844	9.5
3845	9.5
3846	9.5
3847	9.5
3848	9.5
3849	9.5
3850	9.5
3851	9.5
3852	9.5
3853	9.5
3854	9.5
3855	9.5
3856	9.5
3857	9.5
3858	9.5
3859	9.5
3860	9.5
3861	9.5
3862	9.5
3863	9.5
3864	9.5
3865	9.5
3866	9.5
3867	9.5
3868	9.5
3869	9.5
3870	9.5
3871	9.5
3872	9.5
3873	9.5
3874	9.5
3875	9.5
3876	9.5
3877	9.5
3878	9.5
3879	9.5
3880	9.5
3881	9.5
3882	9.5
3883	9.5
3884	9.5
3885	9.5
3886	9.5
3887	9.5
3888	9.5
3889	9.5
3890	9.5
3891	9.5
3892	9.5
3893	9.5
3894	9.5
3895	9.5
3896	9.5
3897	9.5
3898	9.5
3899	9.5
3900	9.5
3901	9.5
3902	9.5
3903	9.5
3904	9.5
3905	9.5
3906	9.5
3907	9.5
3908	9.5
3909	9.5
3910	9.5
3911	9.5
3912	9.5
3913	9.5
3914	9.5
3915	9.5
3916	9.5
3917	9.5
3918	9.5
3919	9.5
3920	9.5
3921	9.5
3922	9.5
3923	9.5
3924	9.5
3925	9.5
3926	9.5
3927	9.5
3928	9.5
3929	9.5
3930	9.5
3931	9.5
3932	9.5
3933	9.5
3934	9.5
3935	9.5
3936	9.5
3937	9.5
3938	9.5
3939	9.5
3940	9.5
3941	9.5
3942	9.5
3943	9.5
3944	9.5
3945	9.5
3946	9.5
3947	9.5
3948	9.5
3949	9.5
3950	9.5
3951	9.5
3952	9.5
3953	9.5
3954	9.5
3955	9.5
3956	9.5
3957	9.5
3958	9.5
3959	9.5
3960	9.5
3961	9.5
3962	9.5
3963	9.5
3964	9.5
3965	9.5
3966	9.5
3967	9.5
3968	9.5
3969	9.5
3970	9.5
3971	9.5
3972	9.5
3973	9.5
3974	9.5
3975	9.5
3976	9.5
3977	9.5
3978	9.5
3979	9.5
3980	9.5
3981	9.5
3982	9.5
3983	9.5
3984	9.5
3985	9.5
3986	9.5
3987	9.5
3988	9.5
3989	9.5
3990	9.5
3991	9.5
3992	9.5
3993	9.5
3994	9.5
3995	9.5
3996	9.5
3997	9.5
3998	9.5
3999	9.5
4000	10.5
4001	10.5
4002	10.5
4003	10.5
4004	10.5
4005	10.5
4006	10.5
4007	10.5
4008	10.5
4009	10.5
4010	10.5
4011	10.5
4012	10.5
4013	10.5
4014	10.5
4015	10.5
4016	10.5
4017	10.5
4018	10.5
4019	10.5
4020	10.5
4021	10.5
4022	10.5
4023	10.5
4024	10.5
4025	10.5
4026	10.5
4027	10.5
4028	10.5
4029	10.5
4030	10.5
4031	10.5
4032	10.5
4033	10.5
4034	10.5
4035	10.5
4036	10.5
4037	10.5
4038	10.5
4039	10.5
4040	10.5
4041	10.5
4042	10.5
4043	10.5
4044	10.5
4045	10.5
4046	10.5
4047	10.5
4048	10.5
4049	10.5
4050	10.5
4051	10.5
4052	10.5
4053	10.5
4054	10.5
4055	10.5
4056	10.5
4057	10.5
4058	10.5
4059	10.5
4060	10.5
4061	10.5
4062	10.5
4063	10.5
4064	10.5
4065	10.5
4066	10.5
4067	10.5
4068	10.5
4069	10.5
4070	10.5
4071	10.5
4072	10.5
4073	10.5
4074	10.5
4075	10.5
4076	10.5
4077	10.5
4078	10.5
4079	10.5
4080	10.5
4081	10.5
4082	10.5
4083	10.5
4084	10.5
4085	10.5
4086	10.5
4087	10.5
4088	10.5
4089	10.5
4090	10.5
4091	10.5
4092	10.5
4093	10.5
4094	10.5
4095	10.5
4096	10.5
4097	10.5
4098	10.5
4099	10.5
4100	10.5
4101	10.5
4102	10.5
4103	10.5
4104	10.5
4105	10.5
4106	10.5
4107	10.5
4108	10.5
4109	10.5
4110	10.5
4111	10.5
4112	10.5
4113	10.5
4114	10.5
4115	10.5
4116	10.5
4117	10.5
4118	10.5
4119	10.5
4120	10.5
4121	10.5
4122	10.5
4123	10.5
4124	10.5
4125	10.5
4126	10.5
4127	10.5
4128	10.5
4129	10.5
4130	10.5
4131	10.5
4132	10.5
4133	10.5
4134	10.5
4135	10.5
4136	10.5
4137	10.5
4138	10.5
4139	10.5
4140	10.5
4141	10.5
4142	10.5
4143	10.5
4144	10.5
4145	10.5
4146	10.5
4147	10.5
4148	10.5
4149	10.5
4150	10.5
4151	10.5
4152	10.5
4153	10.5
4154	10.5
4155	10.5
4156	10.5
4157	10.5
4158	10.5
4159	10.5
4160	10.5
4161	10.5
4162	10.5
4163	10.5
4164	10.5
4165	10.5
4166	10.5
4167	10.5
4168	10.5
4169	10.5
4170	10.5
4171	10.5
4172	10.5
4173	10.5
4174	10.5
4175	10.5
4176	10.5
4177	10.5
4178	10.5
4179	10.5
4180	10.5
4181	10.5
4182	10.5
4183	10.5
4184	10.5
4185	10.5
4186	10.5
4187	10.5
4188	10.5
4189	10.5
4190	10.5
4191	10.5
4192	10.5
4193	10.5
4194	10.5
4195	10.5
4196	10.5
4197	10.5
4198	10.5
4199	10.5
4200	10.5
4201	10.5
4202	10.5
4203	10.5
4204	10.5
4205	10.5
4206	10.5
4207	10.5
4208	10.5
4209	10.5
4210	10.5
4211	10.5
4212	10.5
4213	10.5
4214	10.5
4215	10.5
4216	10.5
4217	10.5
4218	10.5
4219	10.5
4220	10.5
4221	10.5
4222	10.5
4223	10.5
4224	10.5
4225	10.5
4226	10.5
4227	10.5
4228	10.5
4229	10.5
4230	10.5
4231	10.5
4232	10.5
4233	10.5
4234	10.5
4235	10.5
4236	10.5
4237	10.5
4238	10.5
4239	10.5
4240	10.5
4241	10.5
4242	10.5
4243	10.5
4244	10.5
4245	10.5
4246	10.5
4247	10.5
4248	10.5
4249	10.5
4250	10.5
4251	10.5
4252	10.5
4253	10.5
4254	10.5
4255	10.5
4256	10.5
4257	10.5
4258	10.5
4259	10.5
4260	10.5
4261	10.5
4262	10.5
4263	10.5
4264	10.5
4265	10.5
4266	10.5
4267	10.5
4268	10.5
4269	10.5
4270	10.5
4271	10.5
4272	10.5
4273	10.5
4274	10.5
4275	10.5
4276	10.5
4277	10.5
4278	10.5
4279	10.5
4280	10.5
4281	10.5
4282	10.5
4283	10.5
4284	10.5
4285	10.5
4286	10.5
4287	10.5
4288	10.5
4289	10.5
4290	10.5
4291	10.5
4292	10.5
4293	10.5
4294	10.5
4295	10.5
4296	10.5
4297	10.5
4298	10.5
4299	10.5
4300	10.5
4301	10.5
4302	10.5
4303	10.5
4304	10.5
4305	10.5
4306	10.5
4307	10.5
4308	10.5
4309	10.5
4310	10.5
4311	10.5
4312	10.5
4313	10.5
4314	10.5
4315	10.5
4316	10.5
4317	10.5
4318	10.5
4319	10.5
4320	10.5
4321	10.5
4322	10.5
4323	10.5
4324	10.5
4325	10.5
4326	10.5
4327	10.5
4328	10.5
4329	10.5
4330	10.5
4331	10.5
4332	10.5
4333	10.5
4334	10.5
4335	10.5
4336	10.5
4337	10.5
4338	10.5
4339	10.5
4340	10.5
4341	10.5
4342	10.5
4343	10.5
4344	10.5
4345	10.5
4346	10.5
4347	10.5
4348	10.5
4349	10.5
4350	10.5
4351	10.5
4352	10.5
4353	10.5
4354	10.5
4355	10.5
4356	10.5
4357	10.5
4358	10.5
4359	10.5
4360	10.5
4361	10.5
4362	10.5
4363	10.5
4364	10.5
4365	10.5
4366	10.5
4367	10.5
4368	10.5
4369	10.5
4370	10.5
4371	10.5
4372	10.5
4373	10.5
4374	10.5
4375	10.5
4376	10.5
4377	10.5
4378	10.5
4379	10.5
4380	10.5
4381	10.5
4382	10.5
4383	10.5
4384	10.5
4385	10.5
4386	10.5
4387	10.5
4388	10.5
4389	10.5
4390	10.5
4391	10.5
4392	10.5
4393	10.5
4394	10.5
4395	10.5
4396	10.5
4397	10.5
4398	10.5
4399	10.5
4400	11.5
4401	11.5
4402	11.5
4403	11.5
4404	11.5
4405	11.5
4406	11.5
4407	11.5
4408	11.5
4409	11.5
4410	11.5
4411	11.5
4412	11.5
4413	11.5
4414	11.5
4415	11.5
4416	11.5
4417	11.5
4418	11.5
4419	11.5
4420	11.5
4421	11.5
4422	11.5
4423	11.5
4424	11.5
4425	11.5
4426	11.5
4427	11.5
4428	11.5
4429	11.5
4430	11.5
4431	11.5
4432	11.5
4433	11.5
4434	11.5
4435	11.5
4436	11.5
4437	11.5
4438	11.5
4439	11.5
4440	11.5
4441	11.5
4442	11.5
4443	11.5
4444	11.5
4445	11.5
4446	11.5
4447	11.5
4448	11.5
4449	11.5
4450	11.5
4451	11.5
4452	11.5
4453	11.5
4454	11.5
4455	11.5
4456	11.5
4457	11.5
4458	11.5
4459	11.5
4460	11.5
4461	11.5
4462	11.5
4463	11.5
4464	11.5
4465	11.5
4466	11.5
4467	11.5
4468	11.5
4469	11.5
4470	11.5
4471	11.5
4472	11.5
4473	11.5
4474	11.5
4475	11.5
4476	11.5
4477	11.5
4478	11.5
4479	11.5
4480	11.5
4481	11.5
4482	11.5
4483	11.5
4484	11.5
4485	11.5
4486	11.5
4487	11.5
4488	11.5
4489	11.5
4490	11.5
4491	11.5
4492	11.5
4493	11.5
4494	11.5
4495	11.5
4496	11.5
4497	11.5
4498	11.5
4499	11.5
4500	11.5
4501	11.5
4502	11.5
4503	11.5
4504	11.5
4505	11.5
4506	11.5
4507	11.5
4508	11.5
4509	11.5
4510	11.5
4511	11.5
4512	11.5
4513	11.5
4514	11.5
4515	11.5
4516	11.5
4517	11.5
4518	11.5
4519	11.5
4520	11.5
4521	11.5
4522	11.5
4523	11.5
4524	11.5
4525	11.5
4526	11.5
4527	11.5
4528	11.5
4529	11.5
4530	11.5
4531	11.5
4532	11.5
4533	11.5
4534	11.5
4535	11.5
4536	11.5
4537	11.5
4538	11.5
4539	11.5
4540	11.5
4541	11.5
4542	11.5
4543	11.5
4544	11.5
4545	11.5
4546	11.5
4547	11.5
4548	11.5
4549	11.5
4550	11.5
4551	11.5
4552	11.5
4553	11.5
4554	11.5
4555	11.5
4556	11.5
4557	11.5
4558	11.5
4559	11.5
4560	11.5
4561	11.5
4562	11.5
4563	11.5
4564	11.5
4565	11.5
4566	11.5
4567	11.5
4568	11.5
4569	11.5
4570	11.5
4571	11.5
4572	11.5
4573	11.5
4574	11.5
4575	11.5
4576	11.5
4577	11.5
4578	11.5
4579	11.5
4580	11.5
4581	11.5
4582	11.5
4583	11.5
4584	11.5
4585	11.5
4586	11.5
4587	11.5
4588	11.5
4589	11.5
4590	11.5
4591	11.5
4592	11.5
4593	11.5
4594	11.5
4595	11.5
4596	11.5
4597	11.5
4598	11.5
4599	11.5
4600	11.5
4601	11.5
4602	11.5
4603	11.5
4604	11.5
4605	11.5
4606	11.5
4607	11.5
4608	11.5
4609	11.5
4610	11.5
4611	11.5
4612	11.5
4613	11.5
4614	11.5
4615	11.5
4616	11.5
4617	11.5
4618	11.5
4619	11.5
4620	11.5
4621	11.5
4622	11.5
4623	11.5
4624	11.5
4625	11.5
4626	11.5
4627	11.5
4628	11.5
4629	11.5
4630	11.5
4631	11.5
4632	11.5
4633	11.5
4634	11.5
4635	11.5
4636	11.5
4637	11.5
4638	11.5
4639	11.5
4640	11.5
4641	11.5
4642	11.5
4643	11.5
4644	11.5
4645	11.5
4646	11.5
4647	11.5
4648	11.5
4649	11.5
4650	11.5
4651	11.5
4652	11.5
4653	11.5
4654	11.5
4655	11.5
4656	11.5
4657	11.5
4658	11.5
4659	11.5
4660	11.5
4661	11.5
4662	11.5
4663	11.5
4664	11.5
4665	11.5
4666	11.5
4667	11.5
4668	11.5
4669	11.5
4670	11.5
4671	11.5
4672	11.5
4673	11.5
4674	11.5
4675	11.5
4676	11.5
4677	11.5
4678	11.5
4679	11.5
4680	11.5
4681	11.5
4682	11.5
4683	11.5
4684	11.5
4685	11.5
4686	11.5
4687	11.5
4688	11.5
4689	11.5
4690	11.5
4691	11.5
4692	11.5
4693	11.5
4694	11.5
4695	11.5
4696	11.5
4697	11.5
4698	11.5
4699	11.5
4700	11.5
4701	11.5
4702	11.5
4703	11.5
4704	11.5
4705	11.5
4706	11.5
4707	11.5
4708	11.5
4709	11.5
4710	11.5
4711	11.5
4712	11.5
4713	11.5
4714	11.5
4715	11.5
4716	11.5
4717	11.5
4718	11.5
4719	11.5
4720	11.5
4721	11.5
4722	11.5
4723	11.5
4724	11.5
4725	11.5
4726	11.5
4727	11.5
4728	11.5
4729	11.5
4730	11.5
4731	11.5
4732	11.5
4733	11.5
4734	11.5
4735	11.5
4736	11.5
4737	11.5
4738	11.5
4739	11.5
4740	11.5
4741	11.5
4742	11.5
4743	11.5
4744	11.5
4745	11.5
4746	11.5
4747	11.5
4748	11.5
4749	11.5
4750	11.5
4751	11.5
4752	11.5
4753	11.5
4754	11.5
4755	11.5
4756	11.5
4757	11.5
4758	11.5
4759	11.5
4760	11.5
4761	11.5
4762	11.5
4763	11.5
4764	11.5
4765	11.5
4766	11.5
4767	11.5
4768	11.5
4769	11.5
4770	11.5
4771	11.5
4772	11.5
4773	11.5
4774	11.5
4775	11.5
4776	11.5
4777	11.5
4778	11.5
4779	11.5
4780	11.5
4781	11.5
4782	11.5
4783	11.5
4784	11.5
4785	11.5
4786	11.5
4787	11.5
4788	11.5
4789	11.5
4790	11.5
4791	11.5
4792	11.5
4793	11.5
4794	11.5
4795	11.5
4796	11.5
4797	11.5
4798	11.5
4799	11.5
4800	12.5
4801	12.5
4802	12.5
4803	12.5
4804	12.5
4805	12.5
4806	12.5
4807	12.5
4808	12.5
4809	12.5
4810	12.5
4811	12.5
4812	12.5
4813	12.5
4814	12.5
4815	12.5
4816	12.5
4817	12.5
4818	12.5
4819	12.5
4820	12.5
4821	12.5
4822	12.5
4823	12.5
4824	12.5
4825	12.5
4826	12.5
4827	12.5
4828	12.5
4829	12.5
4830	12.5
4831	12.5
4832	12.5
4833	12.5
4834	12.5
4835	12.5
4836	12.5
4837	12.5
4838	12.5
4839	12.5
4840	12.5
4841	12.5
4842	12.5
4843	12.5
4844	12.5
4845	12.5
4846	12.5
4847	12.5
4848	12.5
4849	12.5
4850	12.5
4851	12.5
4852	12.5
4853	12.5
4854	12.5
4855	12.5
4856	12.5
4857	12.5
4858	12.5
4859	12.5
4860	12.5
4861	12.5
4862	12.5
4863	12.5
4864	12.5
4865	12.5
4866	12.5
4867	12.5
4868	12.5
4869	12.5
4870	12.5
4871	12.5
4872	12.5
4873	12.5
4874	12.5
4875	12.5
4876	12.5
4877	12.5
4878	12.5
4879	12.5
4880	12.5
4881	12.5
4882	12.5
4883	12.5
4884	12.5
4885	12.5
4886	12.5
4887	12.5
4888	12.5
4889	12.5
4890	12.5
4891	12.5
4892	12.5
4893	12.5
4894	12.5
4895	12.5
4896	12.5
4897	12.5
4898	12.5
4899	12.5
4900	12.5
4901	12.5
4902	12.5
4903	12.5
4904	12.5
4905	12.5
4906	12.5
4907	12.5
4908	12.5
4909	12.5
4910	12.5
4911	12.5
4912	12.5
4913	12.5
4914	12.5
4915	12.5
4916	12.5
4917	12.5
4918	12.5
4919	12.5
4920	12.5
4921	12.5
4922	12.5
4923	12.5
4924	12.5
4925	12.5
4926	12.5
4927	12.5
4928	12.5
4929	12.5
4930	12.5
4931	12.5
4932	12.5
4933	12.5
4934	12.5
4935	12.5
4936	12.5
4937	12.5
4938	12.5
4939	12.5
4940	12.5
4941	12.5
4942	12.5
4943	12.5
4944	12.5
4945	12.5
4946	12.5
4947	12.5
4948	12.5
4949	12.5
4950	12.5
4951	12.5
4952	12.5
4953	12.5
4954	12.5
4955	12.5
4956	12.5
4957	12.5
4958	12.5
4959	12.5
4960	12.5
4961	12.5
4962	12.5
4963	12.5
4964	12.5
4965	12.5
4966	12.5
4967	12.5
4968	12.5
4969	12.5
4970	12.5
4971	12.5
4972	12.5
4973	12.5
4974	12.5
4975	12.5
4976	12.5
4977	12.5
4978	12.5
4979	12.5
4980	12.5
4981	12.5
4982	12.5
4983	12.5
4984	12.5
4985	12.5
4986	12.5
4987	12.5
4988	12.5
4989	12.5
4990	12.5
4991	12.5
4992	12.5
4993	12.5
4994	12.5
4995	12.5
4996	12.5
4997	12.5
4998	12.5
4999	12.5
5000	12.5
5001	12.5
5002	12.5
5003	12.5
5004	12.5
5005	12.5
5006	12.5
5007	12.5
5008	12.5
5009	12.5
5010	12.5
5011	12.5
5012	12.5
5013	12.5
5014	12.5
5015	12.5
5016	12.5
5017	12.5
5018	12.5
5019	12.5
5020	12.5
5021	12.5
5022	12.5
5023	12.5
5024	12.5
5025	12.5
5026	12.5
5027	12.5
5028	12.5
5029	12.5
5030	12.5
5031	12.5
5032	12.5
5033	12.5
5034	12.5
5035	12.5
5036	12.5
5037	12.5
5038	12.5
5039	12.5
5040	12.5
5041	12.5
5042	12.5
5043	12.5
5044	12.5
5045	12.5
5046	12.5
5047	12.5
5048	12.5
5049	12.5
5050	12.5
5051	12.5
5052	12.5
5053	12.5
5054	12.5
5055	12.5
5056	12.5
5057	12.5
5058	12.5
5059	12.5
5060	12.5
5061	12.5
5062	12.5
5063	12.5
5064	12.5
5065	12.5
5066	12.5
5067	12.5
5068	12.5
5069	12.5
5070	12.5
5071	12.5
5072	12.5
5073	12.5
5074	12.5
5075	12.5
5076	12.5
5077	12.5
5078	12.5
5079	12.5
5080	12.5
5081	12.5
5082	12.5
5083	12.5
5084	12.5
5085	12.5
5086	12.5
5087	12.5
5088	12.5
5089	12.5
5090	12.5
5091	12.5
5092	12.5
5093	12.5
5094	12.5
5095	12.5
5096	12.5
5097	12.5
5098	12.5
5099	12.5
5100	12.5
5101	12.5
5102	12.5
5103	12.5
5104	12.5
5105	12.5
5106	12.5
5107	12.5
5108	12.5
5109	12.5
5110	12.5
5111	12.5
5112	12.5
5113	12.5
5114	12.5
5115	12.5
5116	12.5
5117	12.5
5118	12.5
5119	12.5
5120	12.5
5121	12.5
5122	12.5
5123	12.5
5124	12.5
5125	12.5
5126	12.5
5127	12.5
5128	12.5
5129	12.5
5130	12.5
5131	12.5
5132	12.5
5133	12.5
5134	12.5
5135	12.5
5136	12.5
5137	12.5
5138	12.5
5139	12.5
5140	12.5
5141	12.5
5142	12.5
5143	12.5
5144	12.5
5145	12.5
5146	12.5
5147	12.5
5148	12.5
5149	12.5
5150	12.5
5151	12.5
5152	12.5
5153	12.5
5154	12.5
5155	12.5
5156	12.5
5157	12.5
5158	12.5
5159	12.5
5160	12.5
5161	12.5
5162	12.5
5163	12.5
5164	12.5
5165	12.5
5166	12.5
5167	12.5
5168	12.5
5169	12.5
5170	12.5
5171	12.5
5172	12.5
5173	12.5
5174	12.5
5175	12.5
5176	12.5
5177	12.5
5178	12.5
5179	12.5
5180	12.5
5181	12.5
5182	12.5
5183	12.5
5184	12.5
5185	12.5
5186	12.5
5187	12.5
5188	12.5
5189	12.5
5190	12.5
5191	12.5
5192	12.5
5193	12.5
5194	12.5
5195	12.5
5196	12.5
5197	12.5
5198	12.5
5199	12.5
5200	13.5
5201	13.5
5202	13.5
5203	13.5
5204	13.5
5205	13.5
5206	13.5
5207	13.5
5208	13.5
5209	13.5
5210	13.5
5211	13.5
5212	13.5
5213	13.5
5214	13.5
5215	13.5
5216	13.5
5217	13.5
5218	13.5
5219	13.5
5220	13.5
5221	13.5
5222	13.5
5223	13.5
5224	13.5
5225	13.5
5226	13.5
5227	13.5
5228	13.5
5229	13.5
5230	13.5
5231	13.5
5232	13.5
5233	13.5
5234	13.5
5235	13.5
5236	13.5
5237	13.5
5238	13.5
5239	13.5
5240	13.5
5241	13.5
5242	13.5
5243	13.5
5244	13.5
5245	13.5
5246	13.5
5247	13.5
5248	13.5
5249	13.5
5250	13.5
5251	13.5
5252	13.5
5253	13.5
5254	13.5
5255	13.5
5256	13.5
5257	13.5
5258	13.5
5259	13.5
5260	13.5
5261	13.5
5262	13.5
5263	13.5
5264	13.5
5265	13.5
5266	13.5
5267	13.5
5268	13.5
5269	13.5
5270	13.5
5271	13.5
5272	13.5
5273	13.5
5274	13.5
5275	13.5
5276	13.5
5277	13.5
5278	13.5
5279	13.5
5280	13.5
5281	13.5
5282	13.5
5283	13.5
5284	13.5
5285	13.5
5286	13.5
5287	13.5
5288	13.5
5289	13.5
5290	13.5
5291	13.5
5292	13.5
5293	13.5
5294	13.5
5295	13.5
5296	13.5
5297	13.5
5298	13.5
5299	13.5
5300	13.5
5301	13.5
5302	13.5
5303	13.5
5304	13.5
5305	13.5
5306	13.5
5307	13.5
5308	13.5
5309	13.5
5310	13.5
5311	13.5
5312	13.5
5313	13.5
5314	13.5
5315	13.5
5316	13.5
5317	13.5
5318	13.5
5319	13.5
5320	13.5
5321	13.5
5322	13.5
5323	13.5
5324	13.5
5325	13.5
5326	13.5
5327	13.5
5328	13.5
5329	13.5
5330	13.5
5331	13.5
5332	13.5
5333	13.5
5334	13.5
5335	13.5
5336	13.5
5337	13.5
5338	13.5
5339	13.5
5340	13.5
5341	13.5
5342	13.5
5343	13.5
5344	13.5
5345	13.5
5346	13.5
5347	13.5
5348	13.5
5349	13.5
5350	13.5
5351	13.5
5352	13.5
5353	13.5
5354	13.5
5355	13.5
5356	13.5
5357	13.5
5358	13.5
5359	13.5
5360	13.5
5361	13.5
5362	13.5
5363	13.5
5364	13.5
5365	13.5
5366	13.5
5367	13.5
5368	13.5
5369	13.5
5370	13.5
5371	13.5
5372	13.5
5373	13.5
5374	13.5
5375	13.5
5376	13.5
5377	13.5
5378	13.5
5379	13.5
5380	13.5
5381	13.5
5382	13.5
5383	13.5
5384	13.5
5385	13.5
5386	13.5
5387	13.5
5388	13.5
5389	13.5
5390	13.5
5391	13.5
5392	13.5
5393	13.5
5394	13.5
5395	13.5
5396	13.5
5397	13.5
5398	13.5
5399	13.5
5400	13.5
5401	13.5
5402	13.5
5403	13.5
5404	13.5
5405	13.5
5406	13.5
5407	13.5
5408	13.5
5409	13.5
5410	13.5
5411	13.5
5412	13.5
5413	13.5
5414	13.5
5415	13.5
5416	13.5
5417	13.5
5418	13.5
5419	13.5
5420	13.5
5421	13.5
5422	13.5
5423	13.5
5424	13.5
5425	13.5
5426	13.5
5427	13.5
5428	13.5
5429	13.5
5430	13.5
5431	13.5
5432	13.5
5433	13.5
5434	13.5
5435	13.5
5436	13.5
5437	13.5
5438	13.5
5439	13.5
5440	13.5
5441	13.5
5442	13.5
5443	13.5
5444	13.5
5445	13.5
5446	13.5
5447	13.5
5448	13.5
5449	13.5
5450	13.5
5451	13.5
5452	13.5
5453	13.5
5454	13.5
5455	13.5
5456	13.5
5457	13.5
5458	13.5
5459	13.5
5460	13.5
5461	13.5
5462	13.5
5463	13.5
5464	13.5
5465	13.5
5466	13.5
5467	13.5
5468	13.5
5469	13.5
5470	13.5
5471	13.5
5472	13.5
5473	13.5
5474	13.5
5475	13.5
5476	13.5
5477	13.5
5478	13.5
5479	13.5
5480	13.5
5481	13.5
5482	13.5
5483	13.5
5484	13.5
5485	13.5
5486	13.5
5487	13.5
5488	13.5
5489	13.5
5490	13.5
5491	13.5
5492	13.5
5493	13.5
5494	13.5
5495	13.5
5496	13.5
5497	13.5
5498	13.5
5499	13.5
5500	13.5
5501	13.5
5502	13.5
5503	13.5
5504	13.5
5505	13.5
5506	13.5
5507	13.5
5508	13.5
5509	13.5
5510	13.5
5511	13.5
5512	13.5
5513	13.5
5514	13.5
5515	13.5
5516	13.5
5517	13.5
5518	13.5
5519	13.5
5520	13.5
5521	13.5
5522	13.5
5523	13.5
5524	13.5
5525	13.5
5526	13.5
5527	13.5
5528	13.5
5529	13.5
5530	13.5
5531	13.5
5532	13.5
5533	13.5
5534	13.5
5535	13.5
5536	13.5
5537	13.5
5538	13.5
5539	13.5
5540	13.5
5541	13.5
5542	13.5
5543	13.5
5544	13.5
5545	13.5
5546	13.5
5547	13.5
5548	13.5
5549	13.5
5550	13.5
5551	13.5
5552	13.5
5553	13.5
5554	13.5
5555	13.5
5556	13.5
5557	13.5
5558	13.5
5559	13.5
5560	13.5
5561	13.5
5562	13.5
5563	13.5
5564	13.5
5565	13.5
5566	13.5
5567	13.5
5568	13.5
5569	13.5
5570	13.5
5571	13.5
5572	13.5
5573	13.5
5574	13.5
5575	13.5
5576	13.5
5577	13.5
5578	13.5
5579	13.5
5580	13.5
5581	13.5
5582	13.5
5583	13.5
5584	13.5
5585	13.5
5586	13.5
5587	13.5
5588	13.5
5589	13.5
5590	13.5
5591	13.5
5592	13.5
5593	13.5
5594	13.5
5595	13.5
5596	13.5
5597	13.5
5598	13.5
5599	13.5
5600	14.5
5601	14.5
5602	14.5
5603	14.5
5604	14.5
5605	14.5
5606	14.5
5607	14.5
5608	14.5
5609	14.5
5610	14.5
5611	14.5
5612	14.5
5613	14.5
5614	14.5
5615	14.5
5616	14.5
5617	14.5
5618	14.5
5619	14.5
5620	14.5
5621	14.5
5622	14.5
5623	14.5
5624	14.5
5625	14.5
5626	14.5
5627	14.5
5628	14.5
5629	14.5
5630	14.5
5631	14.5
5632	14.5
5633	14.5
5634	14.5
5635	14.5
5636	14.5
5637	14.5
5638	14.5
5639	14.5
5640	14.5
5641	14.5
5642	14.5
5643	14.5
5644	14.5
5645	14.5
5646	14.5
5647	14.5
5648	14.5
5649	14.5
5650	14.5
5651	14.5
5652	14.5
5653	14.5
5654	14.5
5655	14.5
5656	14.5
5657	14.5
5658	14.5
5659	14.5
5660	14.5
5661	14.5
5662	14.5
5663	14.5
5664	14.5
5665	14.5
5666	14.5
5667	14.5
5668	14.5
5669	14.5
5670	14.5
5671	14.5
5672	14.5
5673	14.5
5674	14.5
5675	14.5
5676	14.5
5677	14.5
5678	14.5
5679	14.5
5680	14.5
5681	14.5
5682	14.5
5683	14.5
5684	14.5
5685	14.5
5686	14.5
5687	14.5
5688	14.5
5689	14.5
5690	14.5
5691	14.5
5692	14.5
5693	14.5
5694	14.5
5695	14.5
5696	14.5
5697	14.5
5698	14.5
5699	14.5
5700	14.5
5701	14.5
5702	14.5
5703	14.5
5704	14.5
5705	14.5
5706	14.5
5707	14.5
5708	14.5
5709	14.5
5710	14.5
5711	14.5
5712	14.5
5713	14.5
5714	14.5
5715	14.5
5716	14.5
5717	14.5
5718	14.5
5719	14.5
5720	14.5
5721	14.5
5722	14.5
5723	14.5
5724	14.5
5725	14.5
5726	14.5
5727	14.5
5728	14.5
5729	14.5
5730	14.5
5731	14.5
5732	14.5
5733	14.5
5734	14.5
5735	14.5
5736	14.5
5737	14.5
5738	14.5
5739	14.5
5740	14.5
5741	14.5
5742	14.5
5743	14.5
5744	14.5
5745	14.5
5746	14.5
5747	14.5
5748	14.5
5749	14.5
5750	14.5
5751	14.5
5752	14.5
5753	14.5
5754	14.5
5755	14.5
5756	14.5
5757	14.5
5758	14.5
5759	14.5
5760	14.5
5761	14.5
5762	14.5
5763	14.5
5764	14.5
5765	14.5
5766	14.5
5767	14.5
5768	14.5
5769	14.5
5770	14.5
5771	14.5
5772	14.5
5773	14.5
5774	14.5
5775	14.5
5776	14.5
5777	14.5
5778	14.5
5779	14.5
5780	14.5
5781	14.5
5782	14.5
5783	14.5
5784	14.5
5785	14.5
5786	14.5
5787	14.5
5788	14.5
5789	14.5
5790	14.5
5791	14.5
5792	14.5
5793	14.5
5794	14.5
5795	14.5
5796	14.5
5797	14.5
5798	14.5
5799	14.5
5800	14.5
5801	14.5
5802	14.5
5803	14.5
5804	14.5
5805	14.5
5806	14.5
5807	14.5
5808	14.5
5809	14.5
5810	14.5
5811	14.5
5812	14.5
5813	14.5
5814	14.5
5815	14.5
5816	14.5
5817	14.5
5818	14.5
5819	14.5
5820	14.5
5821	14.5
5822	14.5
5823	14.5
5824	14.5
5825	14.5
5826	14.5
5827	14.5
5828	14.5
5829	14.5
5830	14.5
5831	14.5
5832	14.5
5833	14.5
5834	14.5
5835	14.5
5836	14.5
5837	14.5
5838	14.5
5839	14.5
5840	14.5
5841	14.5
5842	14.5
5843	14.5
5844	14.5
5845	14.5
5846	14.5
5847	14.5
5848	14.5
5849	14.5
5850	14.5
5851	14.5
5852	14.5
5853	14.5
5854	14.5
5855	14.5
5856	14.5
5857	14.5
5858	14.5
5859	14.5
5860	14.5
5861	14.5
5862	14.5
5863	14.5
5864	14.5
5865	14.5
5866	14.5
5867	14.5
5868	14.5
5869	14.5
5870	14.5
5871	14.5
5872	14.5
5873	14.5
5874	14.5
5875	14.5
5876	14.5
5877	14.5
5878	14.5
5879	14.5
5880	14.5
5881	14.5
5882	14.5
5883	14.5
5884	14.5
5885	14.5
5886	14.5
5887	14.5
5888	14.5
5889	14.5
5890	14.5
5891	14.5
5892	14.5
5893	14.5
5894	14.5
5895	14.5
5896	14.5
5897	14.5
5898	14.5
5899	14.5
5900	14.5
5901	14.5
5902	14.5
5903	14.5
5904	14.5
5905	14.5
5906	14.5
5907	14.5
5908	14.5
5909	14.5
5910	14.5
5911	14.5
5912	14.5
5913	14.5
5914	14.5
5915	14.5
5916	14.5
5917	14.5
5918	14.5
5919	14.5
5920	14.5
5921	14.5
5922	14.5
5923	14.5
5924	14.5
5925	14.5
5926	14.5
5927	14.5
5928	14.5
5929	14.5
5930	14.5
5931	14.5
5932	14.5
5933	14.5
5934	14.5
5935	14.5
5936	14.5
5937	14.5
5938	14.5
5939	14.5
5940	14.5
5941	14.5
5942	14.5
5943	14.5
5944	14.5
5945	14.5
5946	14.5
5947	14.5
5948	14.5
5949	14.5
5950	14.5
5951	14.5
5952	14.5
5953	14.5
5954	14.5
5955	14.5
5956	14.5
5957	14.5
5958	14.5
5959	14.5
5960	14.5
5961	14.5
5962	14.5
5963	14.5
5964	14.5
5965	14.5
5966	14.5
5967	14.5
5968	14.5
5969	14.5
5970	14.5
5971	14.5
5972	14.5
5973	14.5
5974	14.5
5975	14.5
5976	14.5
5977	14.5
5978	14.5
5979	14.5
5980	14.5
5981	14.5
5982	14.5
5983	14.5
5984	14.5
5985	14.5
5986	14.5
5987	14.5
5988	14.5
5989	14.5
5990	14.5
5991	14.5
5992	14.5
5993	14.5
5994	14.5
5995	14.5
5996	14.5
5997	14.5
5998	14.5
5999	14.5
6000	15.5
6001	15.5
6002	15.5
6003	15.5
6004	15.5
6005	15.5
6006	15.5
6007	15.5
6008	15.5
6009	15.5
6010	15.5
6011	15.5
6012	15.5
6013	15.5
6014	15.5
6015	15.5
6016	15.5
6017	15.5
6018	15.5
6019	15.5
6020	15.5
6021	15.5
6022	15.5
6023	15.5
6024	15.5
6025	15.5
6026	15.5
6027	15.5
6028	15.5
6029	15.5
6030	15.5
6031	15.5
6032	15.5
6033	15.5
6034	15.5
6035	15.5
6036	15.5
6037	15.5
6038	15.5
6039	15.5
6040	15.5
6041	15.5
6042	15.5
6043	15.5
6044	15.5
6045	15.5
6046	15.5
6047	15.5
6048	15.5
6049	15.5
6050	15.5
6051	15.5
6052	15.5
6053	15.5
6054	15.5
6055	15.5
6056	15.5
6057	15.5
6058	15.5
6059	15.5
6060	15.5
6061	15.5
6062	15.5
6063	15.5
6064	15.5
6065	15.5
6066	15.5
6067	15.5
6068	15.5
6069	15.5
6070	15.5
6071	15.5
6072	15.5
6073	15.5
6074	15.5
6075	15.5
6076	15.5
6077	15.5
6078	15.5
6079	15.5
6080	15.5
6081	15.5
6082	15.5
6083	15.5
6084	15.5
6085	15.5
6086	15.5
6087	15.5
6088	15.5
6089	15.5
6090	15.5
6091	15.5
6092	15.5
6093	15.5
6094	15.5
6095	15.5
6096	15.5
6097	15.5
6098	15.5
6099	15.5
6100	15.5
6101	15.5
6102	15.5
6103	15.5
6104	15.5
6105	15.5
6106	15.5
6107	15.5
6108	15.5
6109	15.5
6110	15.5
6111	15.5
6112	15.5
6113	15.5
6114	15.5
6115	15.5
6116	15.5
6117	15.5
6118	15.5
6119	15.5
6120	15.5
6121	15.5
6122	15.5
6123	15.5
6124	15.5
6125	15.5
6126	15.5
6127	15.5
6128	15.5
6129	15.5
6130	15.5
6131	15.5
6132	15.5
6133	15.5
6134	15.5
6135	15.5
6136	15.5
6137	15.5
6138	15.5
6139	15.5
6140	15.5
6141	15.5
6142	15.5
6143	15.5
6144	15.5
6145	15.5
6146	15.5
6147	15.5
6148	15.5
6149	15.5
6150	15.5
6151	15.5
6152	15.5
6153	15.5
6154	15.5
6155	15.5
6156	15.5
6157	15.5
6158	15.5
6159	15.5
6160	15.5
6161	15.5
6162	15.5
6163	15.5
6164	15.5
6165	15.5
6166	15.5
6167	15.5
6168	15.5
6169	15.5
6170	15.5
6171	15.5
6172	15.5
6173	15.5
6174	15.5
6175	15.5
6176	15.5
6177	15.5
6178	15.5
6179	15.5
6180	15.5
6181	15.5
6182	15.5
6183	15.5
6184	15.5
6185	15.5
6186	15.5
6187	15.5
6188	15.5
6189	15.5
6190	15.5
6191	15.5
6192	15.5
6193	15.5
6194	15.5
6195	15.5
6196	15.5
6197	15.5
6198	15.5
6199	15.5
6200	15.5
6201	15.5
6202	15.5
6203	15.5
6204	15.5
6205	15.5
6206	15.5
6207	15.5
6208	15.5
6209	15.5
6210	15.5
6211	15.5
6212	15.5
6213	15.5
6214	15.5
6215	15.5
6216	15.5
6217	15.5
6218	15.5
6219	15.5
6220	15.5
6221	15.5
6222	15.5
6223	15.5
6224	15.5
6225	15.5
6226	15.5
6227	15.5
6228	15.5
6229	15.5
6230	15.5
6231	15.5
6232	15.5
6233	15.5
6234	15.5
6235	15.5
6236	15.5
6237	15.5
6238	15.5
6239	15.5
6240	15.5
6241	15.5
6242	15.5
6243	15.5
6244	15.5
6245	15.5
6246	15.5
6247	15.5
6248	15.5
6249	15.5
6250	15.5
6251	15.5
6252	15.5
6253	15.5
6254	15.5
6255	15.5
6256	15.5
6257	15.5
6258	15.5
6259	15.5
6260	15.5
6261	15.5
6262	15.5
6263	15.5
6264	15.5
6265	15.5
6266	15.5
6267	15.5
6268	15.5
6269	15.5
6270	15.5
6271	15.5
6272	15.5
6273	15.5
6274	15.5
6275	15.5
6276	15.5
6277	15.5
6278	15.5
6279	15.5
6280	15.5
6281	15.5
6282	15.5
6283	15.5
6284	15.5
6285	15.5
6286	15.5
6287	15.5
6288	15.5
6289	15.5
6290	15.5
6291	15.5
6292	15.5
6293	15.5
6294	15.5
6295	15.5
6296	15.5
6297	15.5
6298	15.5
6299	15.5
6300	15.5
6301	15.5
6302	15.5
6303	15.5
6304	15.5
6305	15.5
6306	15.5
6307	15.5
6308	15.5
6309	15.5
6310	15.5
6311	15.5
6312	15.5
6313	15.5
6314	15.5
6315	15.5
6316	15.5
6317	15.5
6318	15.5
6319	15.5
6320	15.5
6321	15.5
6322	15.5
6323	15.5
6324	15.5
6325	15.5
6326	15.5
6327	15.5
6328	15.5
6329	15.5
6330	15.5
6331	15.5
6332	15.5
6333	15.5
6334	15.5
6335	15.5
6336	15.5
6337	15.5
6338	15.5
6339	15.5
6340	15.5
6341	15.5
6342	15.5
6343	15.5
6344	15.5
6345	15.5
6346	15.5
6347	15.5
6348	15.5
6349	15.5
6350	15.5
6351	15.5
6352	15.5
6353	15.5
6354	15.5
6355	15.5
6356	15.5
6357	15.5
6358	15.5
6359	15.5
6360	15.5
6361	15.5
6362	15.5
6363	15.5
6364	15.5
6365	15.5
6366	15.5
6367	15.5
6368	15.5
6369	15.5
6370	15.5
6371	15.5
6372	15.5
6373	15.5
6374	15.5
6375	15.5
6376	15.5
6377	15.5
6378	15.5
6379	15.5
6380	15.5
6381	15.5
6382	15.5
6383	15.5
6384	15.5
6385	15.5
6386	15.5
6387	15.5
6388	15.5
6389	15.5
6390	15.5
6391	15.5
6392	15.5
6393	15.5
6394	15.5
6395	15.5
6396	15.5
6397	15.5
6398	15.5
6399	15.5
6400	16.5
6401	16.5
6402	16.5
6403	16.5
6404	16.5
6405	16.5
6406	16.5
6407	16.5
6408	16.5
6409	16.5
6410	16.5
6411	16.5
6412	16.5
6413	16.5
6414	16.5
6415	16.5
6416	16.5
6417	16.5
6418	16.5
6419	16.5
6420	16.5
6421	16.5
6422	16.5
6423	16.5
6424	16.5
6425	16.5
6426	16.5
6427	16.5
6428	16.5
6429	16.5
6430	16.5
6431	16.5
6432	16.5
6433	16.5
6434	16.5
6435	16.5
6436	16.5
6437	16.5
6438	16.5
6439	16.5
6440	16.5
6441	16.5
6442	16.5
6443	16.5
6444	16.5
6445	16.5
6446	16.5
6447	16.5
6448	16.5
6449	16.5
6450	16.5
6451	16.5
6452	16.5
6453	16.5
6454	16.5
6455	16.5
6456	16.5
6457	16.5
6458	16.5
6459	16.5
6460	16.5
6461	16.5
6462	16.5
6463	16.5
6464	16.5
6465	16.5
6466	16.5
6467	16.5
6468	16.5
6469	16.5
6470	16.5
6471	16.5
6472	16.5
6473	16.5
6474	16.5
6475	16.5
6476	16.5
6477	16.5
6478	16.5
6479	16.5
6480	16.5
6481	16.5
6482	16.5
6483	16.5
6484	16.5
6485	16.5
6486	16.5
6487	16.5
6488	16.5
6489	16.5
6490	16.5
6491	16.5
6492	16.5
6493	16.5
6494	16.5
6495	16.5
6496	16.5
6497	16.5
6498	16.5
6499	16.5
6500	16.5
6501	16.5
6502	16.5
6503	16.5
6504	16.5
6505	16.5
6506	16.5
6507	16.5
6508	16.5
6509	16.5
6510	16.5
6511	16.5
6512	16.5
6513	16.5
6514	16.5
6515	16.5
6516	16.5
6517	16.5
6518	16.5
6519	16.5
6520	16.5
6521	16.5
6522	16.5
6523	16.5
6524	16.5
6525	16.5
6526	16.5
6527	16.5
6528	16.5
6529	16.5
6530	16.5
6531	16.5
6532	16.5
6533	16.5
6534	16.5
6535	16.5
6536	16.5
6537	16.5
6538	16.5
6539	16.5
6540	16.5
6541	16.5
6542	16.5
6543	16.5
6544	16.5
6545	16.5
6546	16.5
6547	16.5
6548	16.5
6549	16.5
6550	16.5
6551	16.5
6552	16.5
6553	16.5
6554	16.5
6555	16.5
6556	16.5
6557	16.5
6558	16.5
6559	16.5
6560	16.5
6561	16.5
6562	16.5
6563	16.5
6564	16.5
6565	16.5
6566	16.5
6567	16.5
6568	16.5
6569	16.5
6570	16.5
6571	16.5
6572	16.5
6573	16.5
6574	16.5
6575	16.5
6576	16.5
6577	16.5
6578	16.5
6579	16.5
6580	16.5
6581	16.5
6582	16.5
6583	16.5
6584	16.5
6585	16.5
6586	16.5
6587	16.5
6588	16.5
6589	16.5
6590	16.5
6591	16.5
6592	16.5
6593	16.5
6594	16.5
6595	16.5
6596	16.5
6597	16.5
6598	16.5
6599	16.5
6600	16.5
6601	16.5
6602	16.5
6603	16.5
6604	16.5
6605	16.5
6606	16.5
6607	16.5
6608	16.5
6609	16.5
6610	16.5
6611	16.5
6612	16.5
6613	16.5
6614	16.5
6615	16.5
6616	16.5
6617	16.5
6618	16.5
6619	16.5
6620	16.5
6621	16.5
6622	16.5
6623	16.5
6624	16.5
6625	16.5
6626	16.5
6627	16.5
6628	16.5
6629	16.5
6630	16.5
6631	16.5
6632	16.5
6633	16.5
6634	16.5
6635	16.5
6636	16.5
6637	16.5
6638	16.5
6639	16.5
6640	16.5
6641	16.5
6642	16.5
6643	16.5
6644	16.5
6645	16.5
6646	16.5
6647	16.5
6648	16.5
6649	16.5
6650	16.5
6651	16.5
6652	16.5
6653	16.5
6654	16.5
6655	16.5
6656	16.5
6657	16.5
6658	16.5
6659	16.5
6660	16.5
6661	16.5
6662	16.5
6663	16.5
6664	16.5
6665	16.5
6666	16.5
6667	16.5
6668	16.5
6669	16.5
6670	16.5
6671	16.5
6672	16.5
6673	16.5
6674	16.5
6675	16.5
6676	16.5
6677	16.5
6678	16.5
6679	16.5
6680	16.5
6681	16.5
6682	16.5
6683	16.5
6684	16.5
6685	16.5
6686	16.5
6687	16.5
6688	16.5
6689	16.5
6690	16.5
6691	16.5
6692	16.5
6693	16.5
6694	16.5
6695	16.5
6696	16.5
6697	16.5
6698	16.5
6699	16.5
6700	16.5
6701	16.5
6702	16.5
6703	16.5
6704	16.5
6705	16.5
6706	16.5
6707	16.5
6708	16.5
6709	16.5
6710	16.5
6711	16.5
6712	16.5
6713	16.5
6714	16.5
6715	16.5
6716	16.5
6717	16.5
6718	16.5
6719	16.5
6720	16.5
6721	16.5
6722	16.5
6723	16.5
6724	16.5
6725	16.5
6726	16.5
6727	16.5
6728	16.5
6729	16.5
6730	16.5
6731	16.5
6732	16.5
6733	16.5
6734	16.5
6735	16.5
6736	16.5
6737	16.5
6738	16.5
6739	16.5
6740	16.5
6741	16.5
6742	16.5
6743	16.5
6744	16.5
6745	16.5
6746	16.5
6747	16.5
6748	16.5
6749	16.5
6750	16.5
6751	16.5
6752	16.5
6753	16.5
6754	16.5
6755	16.5
6756	16.5
6757	16.5
6758	16.5
6759	16.5
6760	16.5
6761	16.5
6762	16.5
6763	16.5
6764	16.5
6765	16.5
6766	16.5
6767	16.5
6768	16.5
6769	16.5
6770	16.5
6771	16.5
6772	16.5
6773	16.5
6774	16.5
6775	16.5
6776	16.5
6777	16.5
6778	16.5
6779	16.5
6780	16.5
6781	16.5
6782	16.5
6783	16.5
6784	16.5
6785	16.5
6786	16.5
6787	16.5
6788	16.5
6789	16.5
6790	16.5
6791	16.5
6792	16.5
6793	16.5
6794	16.5
6795	16.5
6796	16.5
6797	16.5
6798	16.5
6799	16.5
6800	17.5
6801	17.5
6802	17.5
6803	17.5
6804	17.5
6805	17.5
6806	17.5
6807	17.5
6808	17.5
6809	17.5
6810	17.5
6811	17.5
6812	17.5
6813	17.5
6814	17.5
6815	17.5
6816	17.5
6817	17.5
6818	17.5
6819	17.5
6820	17.5
6821	17.5
6822	17.5
6823	17.5
6824	17.5
6825	17.5
6826	17.5
6827	17.5
6828	17.5
6829	17.5
6830	17.5
6831	17.5
6832	17.5
6833	17.5
6834	17.5
6835	17.5
6836	17.5
6837	17.5
6838	17.5
6839	17.5
6840	17.5
6841	17.5
6842	17.5
6843	17.5
6844	17.5
6845	17.5
6846	17.5
6847	17.5
6848	17.5
6849	17.5
6850	17.5
6851	17.5
6852	17.5
6853	17.5
6854	17.5
6855	17.5
6856	17.5
6857	17.5
6858	17.5
6859	17.5
6860	17.5
6861	17.5
6862	17.5
6863	17.5
6864	17.5
6865	17.5
6866	17.5
6867	17.5
6868	17.5
6869	17.5
6870	17.5
6871	17.5
6872	17.5
6873	17.5
6874	17.5
6875	17.5
6876	17.5
6877	17.5
6878	17.5
6879	17.5
6880	17.5
6881	17.5
6882	17.5
6883	17.5
6884	17.5
6885	17.5
6886	17.5
6887	17.5
6888	17.5
6889	17.5
6890	17.5
6891	17.5
6892	17.5
6893	17.5
6894	17.5
6895	17.5
6896	17.5
6897	17.5
6898	17.5
6899	17.5
6900	17.5
6901	17.5
6902	17.5
6903	17.5
6904	17.5
6905	17.5
6906	17.5
6907	17.5
6908	17.5
6909	17.5
6910	17.5
6911	17.5
6912	17.5
6913	17.5
6914	17.5
6915	17.5
6916	17.5
6917	17.5
6918	17.5
6919	17.5
6920	17.5
6921	17.5
6922	17.5
6923	17.5
6924	17.5
6925	17.5
6926	17.5
6927	17.5
6928	17.5
6929	17.5
6930	17.5
6931	17.5
6932	17.5
6933	17.5
6934	17.5
6935	17.5
6936	17.5
6937	17.5
6938	17.5
6939	17.5
6940	17.5
6941	17.5
6942	17.5
6943	17.5
6944	17.5
6945	17.5
6946	17.5
6947	17.5
6948	17.5
6949	17.5
6950	17.5
6951	17.5
6952	17.5
6953	17.5
6954	17.5
6955	17.5
6956	17.5
6957	17.5
6958	17.5
6959	17.5
6960	17.5
6961	17.5
6962	17.5
6963	17.5
6964	17.5
6965	17.5
6966	17.5
6967	17.5
6968	17.5
6969	17.5
6970	17.5
6971	17.5
6972	17.5
6973	17.5
6974	17.5
6975	17.5
6976	17.5
6977	17.5
6978	17.5
6979	17.5
6980	17.5
6981	17.5
6982	17.5
6983	17.5
6984	17.5
6985	17.5
6986	17.5
6987	17.5
6988	17.5
6989	17.5
6990	17.5
6991	17.5
6992	17.5
6993	17.5
6994	17.5
6995	17.5
6996	17.5
6997	17.5
6998	17.5
6999	17.5
7000	17.5
7001	17.5
7002	17.5
7003	17.5
7004	17.5
7005	17.5
7006	17.5
7007	17.5
7008	17.5
7009	17.5
7010	17.5
7011	17.5
7012	17.5
7013	17.5
7014	17.5
7015	17.5
7016	17.5
7017	17.5
7018	17.5
7019	17.5
7020	17.5
7021	17.5
7022	17.5
7023	17.5
7024	17.5
7025	17.5
7026	17.5
7027	17.5
7028	17.5
7029	17.5
7030	17.5
7031	17.5
7032	17.5
7033	17.5
7034	17.5
7035	17.5
7036	17.5
7037	17.5
7038	17.5
7039	17.5
7040	17.5
7041	17.5
7042	17.5
7043	17.5
7044	17.5
7045	17.5
7046	17.5
7047	17.5
7048	17.5
7049	17.5
7050	17.5
7051	17.5
7052	17.5
7053	17.5
7054	17.5
7055	17.5
7056	17.5
7057	17.5
7058	17.5
7059	17.5
7060	17.5
7061	17.5
7062	17.5
7063	17.5
7064	17.5
7065	17.5
7066	17.5
7067	17.5
7068	17.5
7069	17.5
7070	17.5
7071	17.5
7072	17.5
7073	17.5
7074	17.5
7075	17.5
7076	17.5
7077	17.5
7078	17.5
7079	17.5
7080	17.5
7081	17.5
7082	17.5
7083	17.5
7084	17.5
7085	17.5
7086	17.5
7087	17.5
7088	17.5
7089	17.5
7090	17.5
7091	17.5
7092	17.5
7093	17.5
7094	17.5
7095	17.5
7096	17.5
7097	17.5
7098	17.5
7099	17.5
7100	17.5
7101	17.5
7102	17.5
7103	17.5
7104	17.5
7105	17.5
7106	17.5
7107	17.5
7108	17.5
7109	17.5
7110	17.5
7111	17.5
7112	17.5
7113	17.5
7114	17.5
7115	17.5
7116	17.5
7117	17.5
7118	17.5
7119	17.5
7120	17.5
7121	17.5
7122	17.5
7123	17.5
7124	17.5
7125	17.5
7126	17.5
7127	17.5
7128	17.5
7129	17.5
7130	17.5
7131	17.5
7132	17.5
7133	17.5
7134	17.5
7135	17.5
7136	17.5
7137	17.5
7138	17.5
7139	17.5
7140	17.5
7141	17.5
7142	17.5
7143	17.5
7144	17.5
7145	17.5
7146	17.5
7147	17.5
7148	17.5
7149	17.5
7150	17.5
7151	17.5
7152	17.5
7153	17.5
7154	17.5
7155	17.5
7156	17.5
7157	17.5
7158	17.5
7159	17.5
7160	17.5
7161	17.5
7162	17.5
7163	17.5
7164	17.5
7165	17.5
7166	17.5
7167	17.5
7168	17.5
7169	17.5
7170	17.5
7171	17.5
7172	17.5
7173	17.5
7174	17.5
7175	17.5
7176	17.5
7177	17.5
7178	17.5
7179	17.5
7180	17.5
7181	17.5
7182	17.5
7183	17.5
7184	17.5
7185	17.5
7186	17.5
7187	17.5
7188	17.5
7189	17.5
7190	17.5
7191	17.5
7192	17.5
7193	17.5
7194	17.5
7195	17.5
7196	17.5
7197	17.5
7198	17.5
7199	17.5
7200	18.5
7201	18.5
7202	18.5
7203	18.5
7204	18.5
7205	18.5
7206	18.5
7207	18.5
7208	18.5
7209	18.5
7210	18.5
7211	18.5
7212	18.5
7213	18.5
7214	18.5
7215	18.5
7216	18.5
7217	18.5
7218	18.5
7219	18.5
7220	18.5
7221	18.5
7222	18.5
7223	18.5
7224	18.5
7225	18.5
7226	18.5
7227	18.5
7228	18.5
7229	18.5
7230	18.5
7231	18.5
7232	18.5
7233	18.5
7234	18.5
7235	18.5
7236	18.5
7237	18.5
7238	18.5
7239	18.5
7240	18.5
7241	18.5
7242	18.5
7243	18.5
7244	18.5
7245	18.5
7246	18.5
7247	18.5
7248	18.5
7249	18.5
7250	18.5
7251	18.5
7252	18.5
7253	18.5
7254	18.5
7255	18.5
7256	18.5
7257	18.5
7258	18.5
7259	18.5
7260	18.5
7261	18.5
7262	18.5
7263	18.5
7264	18.5
7265	18.5
7266	18.5
7267	18.5
7268	18.5
7269	18.5
7270	18.5
7271	18.5
7272	18.5
7273	18.5
7274	18.5
7275	18.5
7276	18.5
7277	18.5
7278	18.5
7279	18.5
7280	18.5
7281	18.5
7282	18.5
7283	18.5
7284	18.5
7285	18.5
7286	18.5
7287	18.5
7288	18.5
7289	18.5
7290	18.5
7291	18.5
7292	18.5
7293	18.5
7294	18.5
7295	18.5
7296	18.5
7297	18.5
7298	18.5
7299	18.5
7300	18.5
7301	18.5
7302	18.5
7303	18.5
7304	18.5
7305	18.5
7306	18.5
7307	18.5
7308	18.5
7309	18.5
7310	18.5
7311	18.5
7312	18.5
7313	18.5
7314	18.5
7315	18.5
7316	18.5
7317	18.5
7318	18.5
7319	18.5
7320	18.5
7321	18.5
7322	18.5
7323	18.5
7324	18.5
7325	18.5
7326	18.5
7327	18.5
7328	18.5
7329	18.5
7330	18.5
7331	18.5
7332	18.5
7333	18.5
7334	18.5
7335	18.5
7336	18.5
7337	18.5
7338	18.5
7339	18.5
7340	18.5
7341	18.5
7342	18.5
7343	18.5
7344	18.5
7345	18.5
7346	18.5
7347	18.5
7348	18.5
7349	18.5
7350	18.5
7351	18.5
7352	18.5
7353	18.5
7354	18.5
7355	18.5
7356	18.5
7357	18.5
7358	18.5
7359	18.5
7360	18.5
7361	18.5
7362	18.5
7363	18.5
7364	18.5
7365	18.5
7366	18.5
7367	18.5
7368	18.5
7369	18.5
7370	18.5
7371	18.5
7372	18.5
7373	18.5
7374	18.5
7375	18.5
7376	18.5
7377	18.5
7378	18.5
7379	18.5
7380	18.5
7381	18.5
7382	18.5
7383	18.5
7384	18.5
7385	18.5
7386	18.5
7387	18.5
7388	18.5
7389	18.5
7390	18.5
7391	18.5
7392	18.5
7393	18.5
7394	18.5
7395	18.5
7396	18.5
7397	18.5
7398	18.5
7399	18.5
7400	18.5
7401	18.5
7402	18.5
7403	18.5
7404	18.5
7405	18.5
7406	18.5
7407	18.5
7408	18.5
7409	18.5
7410	18.5
7411	18.5
7412	18.5
7413	18.5
7414	18.5
7415	18.5
7416	18.5
7417	18.5
7418	18.5
7419	18.5
7420	18.5
7421	18.5
7422	18.5
7423	18.5
7424	18.5
7425	18.5
7426	18.5
7427	18.5
7428	18.5
7429	18.5
7430	18.5
7431	18.5
7432	18.5
7433	18.5
7434	18.5
7435	18.5
7436	18.5
7437	18.5
7438	18.5
7439	18.5
7440	18.5
7441	18.5
7442	18.5
7443	18.5
7444	18.5
7445	18.5
7446	18.5
7447	18.5
7448	18.5
7449	18.5
7450	18.5
7451	18.5
7452	18.5
7453	18.5
7454	18.5
7455	18.5
7456	18.5
7457	18.5
7458	18.5
7459	18.5
7460	18.5
7461	18.5
7462	18.5
7463	18.5
7464	18.5
7465	18.5
7466	18.5
7467	18.5
7468	18.5
7469	18.5
7470	18.5
7471	18.5
7472	18.5
7473	18.5
7474	18.5
7475	18.5
7476	18.5
7477	18.5
7478	18.5
7479	18.5
7480	18.5
7481	18.5
7482	18.5
7483	18.5
7484	18.5
7485	18.5
7486	18.5
7487	18.5
7488	18.5
7489	18.5
7490	18.5
7491	18.5
7492	18.5
7493	18.5
7494	18.5
7495	18.5
7496	18.5
7497	18.5
7498	18.5
7499	18.5
7500	18.5
7501	18.5
7502	18.5
7503	18.5
7504	18.5
7505	18.5
7506	18.5
7507	18.5
7508	18.5
7509	18.5
7510	18.5
7511	18.5
7512	18.5
7513	18.5
7514	18.5
7515	18.5
7516	18.5
7517	18.5
7518	18.5
7519	18.5
7520	18.5
7521	18.5
7522	18.5
7523	18.5
7524	18.5
7525	18.5
7526	18.5
7527	18.5
7528	18.5
7529	18.5
7530	18.5
7531	18.5
7532	18.5
7533	18.5
7534	18.5
7535	18.5
7536	18.5
7537	18.5
7538	18.5
7539	18.5
7540	18.5
7541	18.5
7542	18.5
7543	18.5
7544	18.5
7545	18.5
7546	18.5
7547	18.5
7548	18.5
7549	18.5
7550	18.5
7551	18.5
7552	18.5
7553	18.5
7554	18.5
7555	18.5
7556	18.5
7557	18.5
7558	18.5
7559	18.5
7560	18.5
7561	18.5
7562	18.5
7563	18.5
7564	18.5
7565	18.5
7566	18.5
7567	18.5
7568	18.5
7569	18.5
7570	18.5
7571	18.5
7572	18.5
7573	18.5
7574	18.5
7575	18.5
7576	18.5
7577	18.5
7578	18.5
7579	18.5
7580	18.5
7581	18.5
7582	18.5
7583	18.5
7584	18.5
7585	18.5
7586	18.5
7587	18.5
7588	18.5
7589	18.5
7590	18.5
7591	18.5
7592	18.5
7593	18.5
7594	18.5
7595	18.5
7596	18.5
7597	18.5
7598	18.5
7599	18.5
7600	19.5
7601	19.5
7602	19.5
7603	19.5
7604	19.5
7605	19.5
7606	19.5
7607	19.5
7608	19.5
7609	19.5
7610	19.5
7611	19.5
7612	19.5
7613	19.5
7614	19.5
7615	19.5
7616	19.5
7617	19.5
7618	19.5
7619	19.5
7620	19.5
7621	19.5
7622	19.5
7623	19.5
7624	19.5
7625	19.5
7626	19.5
7627	19.5
7628	19.5
7629	19.5
7630	19.5
7631	19.5
7632	19.5
7633	19.5
7634	19.5
7635	19.5
7636	19.5
7637	19.5
7638	19.5
7639	19.5
7640	19.5
7641	19.5
7642	19.5
7643	19.5
7644	19.5
7645	19.5
7646	19.5
7647	19.5
7648	19.5
7649	19.5
7650	19.5
7651	19.5
7652	19.5
7653	19.5
7654	19.5
7655	19.5
7656	19.5
7657	19.5
7658	19.5
7659	19.5
7660	19.5
7661	19.5
7662	19.5
7663	19.5
7664	19.5
7665	19.5
7666	19.5
7667	19.5
7668	19.5
7669	19.5
7670	19.5
7671	19.5
7672	19.5
7673	19.5
7674	19.5
7675	19.5
7676	19.5
7677	19.5
7678	19.5
7679	19.5
7680	19.5
7681	19.5
7682	19.5
7683	19.5
7684	19.5
7685	19.5
7686	19.5
7687	19.5
7688	19.5
7689	19.5
7690	19.5
7691	19.5
7692	19.5
7693	19.5
7694	19.5
7695	19.5
7696	19.5
7697	19.5
7698	19.5
7699	19.5
7700	19.5
7701	19.5
7702	19.5
7703	19.5
7704	19.5
7705	19.5
7706	19.5
7707	19.5
7708	19.5
7709	19.5
7710	19.5
7711	19.5
7712	19.5
7713	19.5
7714	19.5
7715	19.5
7716	19.5
7717	19.5
7718	19.5
7719	19.5
7720	19.5
7721	19.5
7722	19.5
7723	19.5
7724	19.5
7725	19.5
7726	19.5
7727	19.5
7728	19.5
7729	19.5
7730	19.5
7731	19.5
7732	19.5
7733	19.5
7734	19.5
7735	19.5
7736	19.5
7737	19.5
7738	19.5
7739	19.5
7740	19.5
7741	19.5
7742	19.5
7743	19.5
7744	19.5
7745	19.5
7746	19.5
7747	19.5
7748	19.5
7749	19.5
7750	19.5
7751	19.5
7752	19.5
7753	19.5
7754	19.5
7755	19.5
7756	19.5
7757	19.5
7758	19.5
7759	19.5
7760	19.5
7761	19.5
7762	19.5
7763	19.5
7764	19.5
7765	19.5
7766	19.5
7767	19.5
7768	19.5
7769	19.5
7770	19.5
7771	19.5
7772	19.5
7773	19.5
7774	19.5
7775	19.5
7776	19.5
7777	19.5
7778	19.5
7779	19.5
7780	19.5
7781	19.5
7782	19.5
7783	19.5
7784	19.5
7785	19.5
7786	19.5
7787	19.5
7788	19.5
7789	19.5
7790	19.5
7791	19.5
7792	19.5
7793	19.5
7794	19.5
7795	19.5
7796	19.5
7797	19.5
7798	19.5
7799	19.5
7800	19.5
7801	19.5
7802	19.5
7803	19.5
7804	19.5
7805	19.5
7806	19.5
7807	19.5
7808	19.5
7809	19.5
7810	19.5
7811	19.5
7812	19.5
7813	19.5
7814	19.5
7815	19.5
7816	19.5
7817	19.5
7818	19.5
7819	19.5
7820	19.5
7821	19.5
7822	19.5
7823	19.5
7824	19.5
7825	19.5
7826	19.5
7827	19.5
7828	19.5
7829	19.5
7830	19.5
7831	19.5
7832	19.5
7833	19.5
7834	19.5
7835	19.5
7836	19.5
7837	19.5
7838	19.5
7839	19.5
7840	19.5
7841	19.5
7842	19.5
7843	19.5
7844	19.5
7845	19.5
7846	19.5
7847	19.5
7848	19.5
7849	19.5
7850	19.5
7851	19.5
7852	19.5
7853	19.5
7854	19.5
7855	19.5
7856	19.5
7857	19.5
7858	19.5
7859	19.5
7860	19.5
7861	19.5
7862	19.5
7863	19.5
7864	19.5
7865	19.5
7866	19.5
7867	19.5
7868	19.5
7869	19.5
7870	19.5
7871	19.5
7872	19.5
7873	19.5
7874	19.5
7875	19.5
7876	19.5
7877	19.5
7878	19.5
7879	19.5
7880	19.5
7881	19.5
7882	19.5
7883	19.5
7884	19.5
7885	19.5
7886	19.5
7887	19.5
7888	19.5
7889	19.5
7890	19.5
7891	19.5
7892	19.5
7893	19.5
7894	19.5
7895	19.5
7896	19.5
7897	19.5
7898	19.5
7899	19.5
7900	19.5
7901	19.5
7902	19.5
7903	19.5
7904	19.5
7905	19.5
7906	19.5
7907	19.5
7908	19.5
7909	19.5
7910	19.5
7911	19.5
7912	19.5
7913	19.5
7914	19.5
7915	19.5
7916	19.5
7917	19.5
7918	19.5
7919	19.5
7920	19.5
7921	19.5
7922	19.5
7923	19.5
7924	19.5
7925	19.5
7926	19.5
7927	19.5
7928	19.5
7929	19.5
7930	19.5
7931	19.5
7932	19.5
7933	19.5
7934	19.5
7935	19.5
7936	19.5
7937	19.5
7938	19.5
7939	19.5
7940	19.5
7941	19.5
7942	19.5
7943	19.5
7944	19.5
7945	19.5
7946	19.5
7947	19.5
7948	19.5
7949	19.5
7950	19.5
7951	19.5
7952	19.5
7953	19.5
7954	19.5
7955	19.5
7956	19.5
7957	19.5
7958	19.5
7959	19.5
7960	19.5
7961	19.5
7962	19.5
7963	19.5
7964	19.5
7965	19.5
7966	19.5
7967	19.5
7968	19.5
7969	19.5
7970	19.5
7971	19.5
7972	19.5
7973	19.5
7974	19.5
7975	19.5
7976	19.5
7977	19.5
7978	19.5
7979	19.5
7980	19.5
7981	19.5
7982	19.5
7983	19.5
7984	19.5
7985	19.5
7986	19.5
7987	19.5
7988	19.5
7989	19.5
7990	19.5
7991	19.5
7992	19.5
7993	19.5
7994	19.5
7995	19.5
7996	19.5
7997	19.5
7998	19.5
7999	19.5
8000	20.5
8001	20.5
8002	20.5
8003	20.5
8004	20.5
8005	20.5
8006	20.5
8007	20.5
8008	20.5
8009	20.5
8010	20.5
8011	20.5
8012	20.5
8013	20.5
8014	20.5
8015	20.5
8016	20.5
8017	20.5
8018	20.5
8019	20.5
8020	20.5
8021	20.5
8022	20.5
8023	20.5
8024	20.5
8025	20.5
8026	20.5
8027	20.5
8028	20.5
8029	20.5
8030	20.5
8031	20.5
8032	20.5
8033	20.5
8034	20.5
8035	20.5
8036	20.5
8037	20.5
8038	20.5
8039	20.5
8040	20.5
8041	20.5
8042	20.5
8043	20.5
8044	20.5
8045	20.5
8046	20.5
8047	20.5
8048	20.5
8049	20.5
8050	20.5
8051	20.5
8052	20.5
8053	20.5
8054	20.5
8055	20.5
8056	20.5
8057	20.5
8058	20.5
8059	20.5
8060	20.5
8061	20.5
8062	20.5
8063	20.5
8064	20.5
8065	20.5
8066	20.5
8067	20.5
8068	20.5
8069	20.5
8070	20.5
8071	20.5
8072	20.5
8073	20.5
8074	20.5
8075	20.5
8076	20.5
8077	20.5
8078	20.5
8079	20.5
8080	20.5
8081	20.5
8082	20.5
8083	20.5
8084	20.5
8085	20.5
8086	20.5
8087	20.5
8088	20.5
8089	20.5
8090	20.5
8091	20.5
8092	20.5
8093	20.5
8094	20.5
8095	20.5
8096	20.5
8097	20.5
8098	20.5
8099	20.5
8100	20.5
8101	20.5
8102	20.5
8103	20.5
8104	20.5
8105	20.5
8106	20.5
8107	20.5
8108	20.5
8109	20.5
8110	20.5
8111	20.5
8112	20.5
8113	20.5
8114	20.5
8115	20.5
8116	20.5
8117	20.5
8118	20.5
8119	20.5
8120	20.5
8121	20.5
8122	20.5
8123	20.5
8124	20.5
8125	20.5
8126	20.5
8127	20.5
8128	20.5
8129	20.5
8130	20.5
8131	20.5
8132	20.5
8133	20.5
8134	20.5
8135	20.5
8136	20.5
8137	20.5
8138	20.5
8139	20.5
8140	20.5
8141	20.5
8142	20.5
8143	20.5
8144	20.5
8145	20.5
8146	20.5
8147	20.5
8148	20.5
8149	20.5
8150	20.5
8151	20.5
8152	20.5
8153	20.5
8154	20.5
8155	20.5
8156	20.5
8157	20.5
8158	20.5
8159	20.5
8160	20.5
8161	20.5
8162	20.5
8163	20.5
8164	20.5
8165	20.5
8166	20.5
8167	20.5
8168	20.5
8169	20.5
8170	20.5
8171	20.5
8172	20.5
8173	20.5
8174	20.5
8175	20.5
8176	20.5
8177	20.5
8178	20.5
8179	20.5
8180	20.5
8181	20.5
8182	20.5
8183	20.5
8184	20.5
8185	20.5
8186	20.5
8187	20.5
8188	20.5
8189	20.5
8190	20.5
8191	20.5
8192	20.5
8193	20.5
8194	20.5
8195	20.5
8196	20.5
8197	20.5
8198	20.5
8199	20.5
8200	20.5
8201	20.5
8202	20.5
8203	20.5
8204	20.5
8205	20.5
8206	20.5
8207	20.5
8208	20.5
8209	20.5
8210	20.5
8211	20.5
8212	20.5
8213	20.5
8214	20.5
8215	20.5
8216	20.5
8217	20.5
8218	20.5
8219	20.5
8220	20.5
8221	20.5
8222	20.5
8223	20.5
8224	20.5
8225	20.5
8226	20.5
8227	20.5
8228	20.5
8229	20.5
8230	20.5
8231	20.5
8232	20.5
8233	20.5
8234	20.5
8235	20.5
8236	20.5
8237	20.5
8238	20.5
8239	20.5
8240	20.5
8241	20.5
8242	20.5
8243	20.5
8244	20.5
8245	20.5
8246	20.5
8247	20.5
8248	20.5
8249	20.5
8250	20.5
8251	20.5
8252	20.5
8253	20.5
8254	20.5
8255	20.5
8256	20.5
8257	20.5
8258	20.5
8259	20.5
8260	20.5
8261	20.5
8262	20.5
8263	20.5
8264	20.5
8265	20.5
8266	20.5
8267	20.5
8268	20.5
8269	20.5
8270	20.5
8271	20.5
8272	20.5
8273	20.5
8274	20.5
8275	20.5
8276	20.5
8277	20.5
8278	20.5
8279	20.5
8280	20.5
8281	20.5
8282	20.5
8283	20.5
8284	20.5
8285	20.5
8286	20.5
8287	20.5
8288	20.5
8289	20.5
8290	20.5
8291	20.5
8292	20.5
8293	20.5
8294	20.5
8295	20.5
8296	20.5
8297	20.5
8298	20.5
8299	20.5
8300	20.5
8301	20.5
8302	20.5
8303	20.5
8304	20.5
8305	20.5
8306	20.5
8307	20.5
8308	20.5
8309	20.5
8310	20.5
8311	20.5
8312	20.5
8313	20.5
8314	20.5
8315	20.5
8316	20.5
8317	20.5
8318	20.5
8319	20.5
8320	20.5
8321	20.5
8322	20.5
8323	20.5
8324	20.5
8325	20.5
8326	20.5
8327	20.5
8328	20.5
8329	20.5
8330	20.5
8331	20.5
8332	20.5
8333	20.5
8334	20.5
8335	20.5
8336	20.5
8337	20.5
8338	20.5
8339	20.5
8340	20.5
8341	20.5
8342	20.5
8343	20.5
8344	20.5
8345	20.5
8346	20.5
8347	20.5
8348	20.5
8349	20.5
8350	20.5
8351	20.5
8352	20.5
8353	20.5
8354	20.5
8355	20.5
8356	20.5
8357	20.5
8358	20.5
8359	20.5
8360	20.5
8361	20.5
8362	20.5
8363	20.5
8364	20.5
8365	20.5
8366	20.5
8367	20.5
8368	20.5
8369	20.5
8370	20.5
8371	20.5
8372	20.5
8373	20.5
8374	20.5
8375	20.5
8376	20.5
8377	20.5
8378	20.5
8379	20.5
8380	20.5
8381	20.5
8382	20.5
8383	20.5
8384	20.5
8385	20.5
8386	20.5
8387	20.5
8388	20.5
8389	20.5
8390	20.5
8391	20.5
8392	20.5
8393	20.5
8394	20.5
8395	20.5
8396	20.5
8397	20.5
8398	20.5
8399	20.5
8400	21.5
8401	21.5
8402	21.5
8403	21.5
8404	21.5
8405	21.5
8406	21.5
8407	21.5
8408	21.5
8409	21.5
8410	21.5
8411	21.5
8412	21.5
8413	21.5
8414	21.5
8415	21.5
8416	21.5
8417	21.5
8418	21.5
8419	21.5
8420	21.5
8421	21.5
8422	21.5
8423	21.5
8424	21.5
8425	21.5
8426	21.5
8427	21.5
8428	21.5
8429	21.5
8430	21.5
8431	21.5
8432	21.5
8433	21.5
8434	21.5
8435	21.5
8436	21.5
8437	21.5
8438	21.5
8439	21.5
8440	21.5
8441	21.5
8442	21.5
8443	21.5
8444	21.5
8445	21.5
8446	21.5
8447	21.5
8448	21.5
8449	21.5
8450	21.5
8451	21.5
8452	21.5
8453	21.5
8454	21.5
8455	21.5
8456	21.5
8457	21.5
8458	21.5
8459	21.5
8460	21.5
8461	21.5
8462	21.5
8463	21.5
8464	21.5
8465	21.5
8466	21.5
8467	21.5
8468	21.5
8469	21.5
8470	21.5
8471	21.5
8472	21.5
8473	21.5
8474	21.5
8475	21.5
8476	21.5
8477	21.5
8478	21.5
8479	21.5
8480	21.5
8481	21.5
8482	21.5
8483	21.5
8484	21.5
8485	21.5
8486	21.5
8487	21.5
8488	21.5
8489	21.5
8490	21.5
8491	21.5
8492	21.5
8493	21.5
8494	21.5
8495	21.5
8496	21.5
8497	21.5
8498	21.5
8499	21.5
8500	21.5
8501	21.5
8502	21.5
8503	21.5
8504	21.5
8505	21.5
8506	21.5
8507	21.5
8508	21.5
8509	21.5
8510	21.5
8511	21.5
8512	21.5
8513	21.5
8514	21.5
8515	21.5
8516	21.5
8517	21.5
8518	21.5
8519	21.5
8520	21.5
8521	21.5
8522	21.5
8523	21.5
8524	21.5
8525	21.5
8526	21.5
8527	21.5
8528	21.5
8529	21.5
8530	21.5
8531	21.5
8532	21.5
8533	21.5
8534	21.5
8535	21.5
8536	21.5
8537	21.5
8538	21.5
8539	21.5
8540	21.5
8541	21.5
8542	21.5
8543	21.5
8544	21.5
8545	21.5
8546	21.5
8547	21.5
8548	21.5
8549	21.5
8550	21.5
8551	21.5
8552	21.5
8553	21.5
8554	21.5
8555	21.5
8556	21.5
8557	21.5
8558	21.5
8559	21.5
8560	21.5
8561	21.5
8562	21.5
8563	21.5
8564	21.5
8565	21.5
8566	21.5
8567	21.5
8568	21.5
8569	21.5
8570	21.5
8571	21.5
8572	21.5
8573	21.5
8574	21.5
8575	21.5
8576	21.5
8577	21.5
8578	21.5
8579	21.5
8580	21.5
8581	21.5
8582	21.5
8583	21.5
8584	21.5
8585	21.5
8586	21.5
8587	21.5
8588	21.5
8589	21.5
8590	21.5
8591	21.5
8592	21.5
8593	21.5
8594	21.5
8595	21.5
8596	21.5
8597	21.5
8598	21.5
8599	21.5
8600	21.5
8601	21.5
8602	21.5
8603	21.5
8604	21.5
8605	21.5
8606	21.5
8607	21.5
8608	21.5
8609	21.5
8610	21.5
8611	21.5
8612	21.5
8613	21.5
8614	21.5
8615	21.5
8616	21.5
8617	21.5
8618	21.5
8619	21.5
8620	21.5
8621	21.5
8622	21.5
8623	21.5
8624	21.5
8625	21.5
8626	21.5
8627	21.5
8628	21.5
8629	21.5
8630	21.5
8631	21.5
8632	21.5
8633	21.5
8634	21.5
8635	21.5
8636	21.5
8637	21.5
8638	21.5
8639	21.5
8640	21.5
8641	21.5
8642	21.5
8643	21.5
8644	21.5
8645	21.5
8646	21.5
8647	21.5
8648	21.5
8649	21.5
8650	21.5
8651	21.5
8652	21.5
8653	21.5
8654	21.5
8655	21.5
8656	21.5
8657	21.5
8658	21.5
8659	21.5
8660	21.5
8661	21.5
8662	21.5
8663	21.5
8664	21.5
8665	21.5
8666	21.5
8667	21.5
8668	21.5
8669	21.5
8670	21.5
8671	21.5
8672	21.5
8673	21.5
8674	21.5
8675	21.5
8676	21.5
8677	21.5
8678	21.5
8679	21.5
8680	21.5
8681	21.5
8682	21.5
8683	21.5
8684	21.5
8685	21.5
8686	21.5
8687	21.5
8688	21.5
8689	21.5
8690	21.5
8691	21.5
8692	21.5
8693	21.5
8694	21.5
8695	21.5
8696	21.5
8697	21.5
8698	21.5
8699	21.5
8700	21.5
8701	21.5
8702	21.5
8703	21.5
8704	21.5
8705	21.5
8706	21.5
8707	21.5
8708	21.5
8709	21.5
8710	21.5
8711	21.5
8712	21.5
8713	21.5
8714	21.5
8715	21.5
8716	21.5
8717	21.5
8718	21.5
8719	21.5
8720	21.5
8721	21.5
8722	21.5
8723	21.5
8724	21.5
8725	21.5
8726	21.5
8727	21.5
8728	21.5
8729	21.5
8730	21.5
8731	21.5
8732	21.5
8733	21.5
8734	21.5
8735	21.5
8736	21.5
8737	21.5
8738	21.5
8739	21.5
8740	21.5
8741	21.5
8742	21.5
8743	21.5
8744	21.5
8745	21.5
8746	21.5
8747	21.5
8748	21.5
8749	21.5
8750	21.5
8751	21.5
8752	21.5
8753	21.5
8754	21.5
8755	21.5
8756	21.5
8757	21.5
8758	21.5
8759	21.5
8760	21.5
8761	21.5
8762	21.5
8763	21.5
8764	21.5
8765	21.5
8766	21.5
8767	21.5
8768	21.5
8769	21.5
8770	21.5
8771	21.5
8772	21.5
8773	21.5
8774	21.5
8775	21.5
8776	21.5
8777	21.5
8778	21.5
8779	21.5
8780	21.5
8781	21.5
8782	21.5
8783	21.5
8784	21.5
8785	21.5
8786	21.5
8787	21.5
8788	21.5
8789	21.5
8790	21.5
8791	21.5
8792	21.5
8793	21.5
8794	21.5
8795	21.5
8796	21.5
8797	21.5
8798	21.5
8799	21.5
8800	22.5
8801	22.5
8802	22.5
8803	22.5
8804	22.5
8805	22.5
8806	22.5
8807	22.5
8808	22.5
8809	22.5
8810	22.5
8811	22.5
8812	22.5
8813	22.5
8814	22.5
8815	22.5
8816	22.5
8817	22.5
8818	22.5
8819	22.5
8820	22.5
8821	22.5
8822	22.5
8823	22.5
8824	22.5
8825	22.5
8826	22.5
8827	22.5
8828	22.5
8829	22.5
8830	22.5
8831	22.5
8832	22.5
8833	22.5
8834	22.5
8835	22.5
8836	22.5
8837	22.5
8838	22.5
8839	22.5
8840	22.5
8841	22.5
8842	22.5
8843	22.5
8844	22.5
8845	22.5
8846	22.5
8847	22.5
8848	22.5
8849	22.5
8850	22.5
8851	22.5
8852	22.5
8853	22.5
8854	22.5
8855	22.5
8856	22.5
8857	22.5
8858	22.5
8859	22.5
8860	22.5
8861	22.5
8862	22.5
8863	22.5
8864	22.5
8865	22.5
8866	22.5
8867	22.5
8868	22.5
8869	22.5
8870	22.5
8871	22.5
8872	22.5
8873	22.5
8874	22.5
8875	22.5
8876	22.5
8877	22.5
8878	22.5
8879	22.5
8880	22.5
8881	22.5
8882	22.5
8883	22.5
8884	22.5
8885	22.5
8886	22.5
8887	22.5
8888	22.5
8889	22.5
8890	22.5
8891	22.5
8892	22.5
8893	22.5
8894	22.5
8895	22.5
8896	22.5
8897	22.5
8898	22.5
8899	22.5
8900	22.5
8901	22.5
8902	22.5
8903	22.5
8904	22.5
8905	22.5
8906	22.5
8907	22.5
8908	22.5
8909	22.5
8910	22.5
8911	22.5
8912	22.5
8913	22.5
8914	22.5
8915	22.5
8916	22.5
8917	22.5
8918	22.5
8919	22.5
8920	22.5
8921	22.5
8922	22.5
8923	22.5
8924	22.5
8925	22.5
8926	22.5
8927	22.5
8928	22.5
8929	22.5
8930	22.5
8931	22.5
8932	22.5
8933	22.5
8934	22.5
8935	22.5
8936	22.5
8937	22.5
8938	22.5
8939	22.5
8940	22.5
8941	22.5
8942	22.5
8943	22.5
8944	22.5
8945	22.5
8946	22.5
8947	22.5
8948	22.5
8949	22.5
8950	22.5
8951	22.5
8952	22.5
8953	22.5
8954	22.5
8955	22.5
8956	22.5
8957	22.5
8958	22.5
8959	22.5
8960	22.5
8961	22.5
8962	22.5
8963	22.5
8964	22.5
8965	22.5
8966	22.5
8967	22.5
8968	22.5
8969	22.5
8970	22.5
8971	22.5
8972	22.5
8973	22.5
8974	22.5
8975	22.5
8976	22.5
8977	22.5
8978	22.5
8979	22.5
8980	22.5
8981	22.5
8982	22.5
8983	22.5
8984	22.5
8985	22.5
8986	22.5
8987	22.5
8988	22.5
8989	22.5
8990	22.5
8991	22.5
8992	22.5
8993	22.5
8994	22.5
8995	22.5
8996	22.5
8997	22.5
8998	22.5
8999	22.5
9000	22.5
9001	22.5
9002	22.5
9003	22.5
9004	22.5
9005	22.5
9006	22.5
9007	22.5
9008	22.5
9009	22.5
9010	22.5
9011	22.5
9012	22.5
9013	22.5
9014	22.5
9015	22.5
9016	22.5
9017	22.5
9018	22.5
9019	22.5
9020	22.5
9021	22.5
9022	22.5
9023	22.5
9024	22.5
9025	22.5
9026	22.5
9027	22.5
9028	22.5
9029	22.5
9030	22.5
9031	22.5
9032	22.5
9033	22.5
9034	22.5
9035	22.5
9036	22.5
9037	22.5
9038	22.5
9039	22.5
9040	22.5
9041	22.5
9042	22.5
9043	22.5
9044	22.5
9045	22.5
9046	22.5
9047	22.5
9048	22.5
9049	22.5
9050	22.5
9051	22.5
9052	22.5
9053	22.5
9054	22.5
9055	22.5
9056	22.5
9057	22.5
9058	22.5
9059	22.5
9060	22.5
9061	22.5
9062	22.5
9063	22.5
9064	22.5
9065	22.5
9066	22.5
9067	22.5
9068	22.5
9069	22.5
9070	22.5
9071	22.5
9072	22.5
9073	22.5
9074	22.5
9075	22.5
9076	22.5
9077	22.5
9078	22.5
9079	22.5
9080	22.5
9081	22.5
9082	22.5
9083	22.5
9084	22.5
9085	22.5
9086	22.5
9087	22.5
9088	22.5
9089	22.5
9090	22.5
9091	22.5
9092	22.5
9093	22.5
9094	22.5
9095	22.5
9096	22.5
9097	22.5
9098	22.5
9099	22.5
9100	22.5
9101	22.5
9102	22.5
9103	22.5
9104	22.5
9105	22.5
9106	22.5
9107	22.5
9108	22.5
9109	22.5
9110	22.5
9111	22.5
9112	22.5
9113	22.5
9114	22.5
9115	22.5
9116	22.5
9117	22.5
9118	22.5
9119	22.5
9120	22.5
9121	22.5
9122	22.5
9123	22.5
9124	22.5
9125	22.5
9126	22.5
9127	22.5
9128	22.5
9129	22.5
9130	22.5
9131	22.5
9132	22.5
9133	22.5
9134	22.5
9135	22.5
9136	22.5
9137	22.5
9138	22.5
9139	22.5
9140	22.5
9141	22.5
9142	22.5
9143	22.5
9144	22.5
9145	22.5
9146	22.5
9147	22.5
9148	22.5
9149	22.5
9150	22.5
9151	22.5
9152	22.5
9153	22.5
9154	22.5
9155	22.5
9156	22.5
9157	22.5
9158	22.5
9159	22.5
9160	22.5
9161	22.5
9162	22.5
9163	22.5
9164	22.5
9165	22.5
9166	22.5
9167	22.5
9168	22.5
9169	22.5
9170	22.5
9171	22.5
9172	22.5
9173	22.5
9174	22.5
9175	22.5
9176	22.5
9177	22.5
9178	22.5
9179	22.5
9180	22.5
9181	22.5
9182	22.5
9183	22.5
9184	22.5
9185	22.5
9186	22.5
9187	22.5
9188	22.5
9189	22.5
9190	22.5
9191	22.5
9192	22.5
9193	22.5
9194	22.5
9195	22.5
9196	22.5
9197	22.5
9198	22.5
9199	22.5
9200	23.5
9201	23.5
9202	23.5
9203	23.5
9204	23.5
9205	23.5
9206	23.5
9207	23.5
9208	23.5
9209	23.5
9210	23.5
9211	23.5
9212	23.5
9213	23.5
9214	23.5
9215	23.5
9216	23.5
9217	23.5
9218	23.5
9219	23.5
9220	23.5
9221	23.5
9222	23.5
9223	23.5
9224	23.5
9225	23.5
9226	23.5
9227	23.5
9228	23.5
9229	23.5
9230	23.5
9231	23.5
9232	23.5
9233	23.5
9234	23.5
9235	23.5
9236	23.5
9237	23.5
9238	23.5
9239	23.5
9240	23.5
9241	23.5
9242	23.5
9243	23.5
9244	23.5
9245	23.5
9246	23.5
9247	23.5
9248	23.5
9249	23.5
9250	23.5
9251	23.5
9252	23.5
9253	23.5
9254	23.5
9255	23.5
9256	23.5
9257	23.5
9258	23.5
9259	23.5
9260	23.5
9261	23.5
9262	23.5
9263	23.5
9264	23.5
9265	23.5
9266	23.5
9267	23.5
9268	23.5
9269	23.5
9270	23.5
9271	23.5
9272	23.5
9273	23.5
9274	23.5
9275	23.5
9276	23.5
9277	23.5
9278	23.5
9279	23.5
9280	23.5
9281	23.5
9282	23.5
9283	23.5
9284	23.5
9285	23.5
9286	23.5
9287	23.5
9288	23.5
9289	23.5
9290	23.5
9291	23.5
9292	23.5
9293	23.5
9294	23.5
9295	23.5
9296	23.5
9297	23.5
9298	23.5
9299	23.5
9300	23.5
9301	23.5
9302	23.5
9303	23.5
9304	23.5
9305	23.5
9306	23.5
9307	23.5
9308	23.5
9309	23.5
9310	23.5
9311	23.5
9312	23.5
9313	23.5
9314	23.5
9315	23.5
9316	23.5
9317	23.5
9318	23.5
9319	23.5
9320	23.5
9321	23.5
9322	23.5
9323	23.5
9324	23.5
9325	23.5
9326	23.5
9327	23.5
9328	23.5
9329	23.5
9330	23.5
9331	23.5
9332	23.5
9333	23.5
9334	23.5
9335	23.5
9336	23.5
9337	23.5
9338	23.5
9339	23.5
9340	23.5
9341	23.5
9342	23.5
9343	23.5
9344	23.5
9345	23.5
9346	23.5
9347	23.5
9348	23.5
9349	23.5
9350	23.5
9351	23.5
9352	23.5
9353	23.5
9354	23.5
9355	23.5
9356	23.5
9357	23.5
9358	23.5
9359	23.5
9360	23.5
9361	23.5
9362	23.5
9363	23.5
9364	23.5
9365	23.5
9366	23.5
9367	23.5
9368	23.5
9369	23.5
9370	23.5
9371	23.5
9372	23.5
9373	23.5
9374	23.5
9375	23.5
9376	23.5
9377	23.5
9378	23.5
9379	23.5
9380	23.5
9381	23.5
9382	23.5
9383	23.5
9384	23.5
9385	23.5
9386	23.5
9387	23.5
9388	23.5
9389	23.5
9390	23.5
9391	23.5
9392	23.5
9393	23.5
9394	23.5
9395	23.5
9396	23.5
9397	23.5
9398	23.5
9399	23.5
9400	23.5
9401	23.5
9402	23.5
9403	23.5
9404	23.5
9405	23.5
9406	23.5
9407	23.5
9408	23.5
9409	23.5
9410	23.5
9411	23.5
9412	23.5
9413	23.5
9414	23.5
9415	23.5
9416	23.5
9417	23.5
9418	23.5
9419	23.5
9420	23.5
9421	23.5
9422	23.5
9423	23.5
9424	23.5
9425	23.5
9426	23.5
9427	23.5
9428	23.5
9429	23.5
9430	23.5
9431	23.5
9432	23.5
9433	23.5
9434	23.5
9435	23.5
9436	23.5
9437	23.5
9438	23.5
9439	23.5
9440	23.5
9441	23.5
9442	23.5
9443	23.5
9444	23.5
9445	23.5
9446	23.5
9447	23.5
9448	23.5
9449	23.5
9450	23.5
9451	23.5
9452	23.5
9453	23.5
9454	23.5
9455	23.5
9456	23.5
9457	23.5
9458	23.5
9459	23.5
9460	23.5
9461	23.5
9462	23.5
9463	23.5
9464	23.5
9465	23.5
9466	23.5
9467	23.5
9468	23.5
9469	23.5
9470	23.5
9471	23.5
9472	23.5
9473	23.5
9474	23.5
9475	23.5
9476	23.5
9477	23.5
9478	23.5
9479	23.5
9480	23.5
9481	23.5
9482	23.5
9483	23.5
9484	23.5
9485	23.5
9486	23.5
9487	23.5
9488	23.5
9489	23.5
9490	23.5
9491	23.5
9492	23.5
9493	23.5
9494	23.5
9495	23.5
9496	23.5
9497	23.5
9498	23.5
9499	23.5
9500	23.5
9501	23.5
9502	23.5
9503	23.5
9504	23.5
9505	23.5
9506	23.5
9507	23.5
9508	23.5
9509	23.5
9510	23.5
9511	23.5
9512	23.5
9513	23.5
9514	23.5
9515	23.5
9516	23.5
9517	23.5
9518	23.5
9519	23.5
9520	23.5
9521	23.5
9522	23.5
9523	23.5
9524	23.5
9525	23.5
9526	23.5
9527	23.5
9528	23.5
9529	23.5
9530	23.5
9531	23.5
9532	23.5
9533	23.5
9534	23.5
9535	23.5
9536	23.5
9537	23.5
9538	23.5
9539	23.5
9540	23.5
9541	23.5
9542	23.5
9543	23.5
9544	23.5
9545	23.5
9546	23.5
9547	23.5
9548	23.5
9549	23.5
9550	23.5
9551	23.5
9552	23.5
9553	23.5
9554	23.5
9555	23.5
9556	23.5
9557	23.5
9558	23.5
9559	23.5
9560	23.5
9561	23.5
9562	23.5
9563	23.5
9564	23.5
9565	23.5
9566	23.5
9567	23.5
9568	23.5
9569	23.5
9570	23.5
9571	23.5
9572	23.5
9573	23.5
9574	23.5
9575	23.5
9576	23.5
9577	23.5
9578	23.5
9579	23.5
9580	23.5
9581	23.5
9582	23.5
9583	23.5
9584	23.5
9585	23.5
9586	23.5
9587	23.5
9588	23.5
9589	23.5
9590	23.5
9591	23.5
9592	23.5
9593	23.5
9594	23.5
9595	23.5
9596	23.5
9597	23.5
9598	23.5
9599	23.5
9600	24.5
9601	24.5
9602	24.5
9603	24.5
9604	24.5
9605	24.5
9606	24.5
9607	24.5
9608	24.5
9609	24.5
9610	24.5
9611	24.5
9612	24.5
9613	24.5
9614	24.5
9615	24.5
9616	24.5
9617	24.5
9618	24.5
9619	24.5
9620	24.5
9621	24.5
9622	24.5
9623	24.5
9624	24.5
9625	24.5
9626	24.5
9627	24.5
9628	24.5
9629	24.5
9630	24.5
9631	24.5
9632	24.5
9633	24.5
9634	24.5
9635	24.5
9636	24.5
9637	24.5
9638	24.5
9639	24.5
9640	24.5
9641	24.5
9642	24.5
9643	24.5
9644	24.5
9645	24.5
9646	24.5
9647	24.5
9648	24.5
9649	24.5
9650	24.5
9651	24.5
9652	24.5
9653	24.5
9654	24.5
9655	24.5
9656	24.5
9657	24.5
9658	24.5
9659	24.5
9660	24.5
9661	24.5
9662	24.5
9663	24.5
9664	24.5
9665	24.5
9666	24.5
9667	24.5
9668	24.5
9669	24.5
9670	24.5
9671	24.5
9672	24.5
9673	24.5
9674	24.5
9675	24.5
9676	24.5
9677	24.5
9678	24.5
9679	24.5
9680	24.5
9681	24.5
9682	24.5
9683	24.5
9684	24.5
9685	24.5
9686	24.5
9687	24.5
9688	24.5
9689	24.5
9690	24.5
9691	24.5
9692	24.5
9693	24.5
9694	24.5
9695	24.5
9696	24.5
9697	24.5
9698	24.5
9699	24.5
9700	24.5
9701	24.5
9702	24.5
9703	24.5
9704	24.5
9705	24.5
9706	24.5
9707	24.5
9708	24.5
9709	24.5
9710	24.5
9711	24.5
9712	24.5
9713	24.5
9714	24.5
9715	24.5
9716	24.5
9717	24.5
9718	24.5
9719	24.5
9720	24.5
9721	24.5
9722	24.5
9723	24.5
9724	24.5
9725	24.5
9726	24.5
9727	24.5
9728	24.5
9729	24.5
9730	24.5
9731	24.5
9732	24.5
9733	24.5
9734	24.5
9735	24.5
9736	24.5
9737	24.5
9738	24.5
9739	24.5
9740	24.5
9741	24.5
9742	24.5
9743	24.5
9744	24.5
9745	24.5
9746	24.5
9747	24.5
9748	24.5
9749	24.5
9750	24.5
9751	24.5
9752	24.5
9753	24.5
9754	24.5
9755	24.5
9756	24.5
9757	24.5
9758	24.5
9759	24.5
9760	24.5
9761	24.5
9762	24.5
9763	24.5
9764	24.5
9765	24.5
9766	24.5
9767	24.5
9768	24.5
9769	24.5
9770	24.5
9771	24.5
9772	24.5
9773	24.5
9774	24.5
9775	24.5
9776	24.5
9777	24.5
9778	24.5
9779	24.5
9780	24.5
9781	24.5
9782	24.5
9783	24.5
9784	24.5
9785	24.5
9786	24.5
9787	24.5
9788	24.5
9789	24.5
9790	24.5
9791	24.5
9792	24.5
9793	24.5
9794	24.5
9795	24.5
9796	24.5
9797	24.5
9798	24.5
9799	24.5
9800	24.5
9801	24.5
9802	24.5
9803	24.5
9804	24.5
9805	24.5
9806	24.5
9807	24.5
9808	24.5
9809	24.5
9810	24.5
9811	24.5
9812	24.5
9813	24.5
9814	24.5
9815	24.5
9816	24.5
9817	24.5
9818	24.5
9819	24.5
9820	24.5
9821	24.5
9822	24.5
9823	24.5
9824	24.5
9825	24.5
9826	24.5
9827	24.5
9828	24.5
9829	24.5
9830	24.5
9831	24.5
9832	24.5
9833	24.5
9834	24.5
9835	24.5
9836	24.5
9837	24.5
9838	24.5
9839	24.5
9840	24.5
9841	24.5
9842	24.5
9843	24.5
9844	24.5
9845	24.5
9846	24.5
9847	24.5
9848	24.5
9849	24.5
9850	24.5
9851	24.5
9852	24.5
9853	24.5
9854	24.5
9855	24.5
9856	24.5
9857	24.5
9858	24.5
9859	24.5
9860	24.5
9861	24.5
9862	24.5
9863	24.5
9864	24.5
9865	24.5
9866	24.5
9867	24.5
9868	24.5
9869	24.5
9870	24.5
9871	24.5
9872	24.5
9873	24.5
9874	24.5
9875	24.5
9876	24.5
9877	24.5
9878	24.5
9879	24.5
9880	24.5
9881	24.5
9882	24.5
9883	24.5
9884	24.5
9885	24.5
9886	24.5
9887	24.5
9888	24.5
9889	24.5
9890	24.5
9891	24.5
9892	24.5
9893	24.5
9894	24.5
9895	24.5
9896	24.5
9897	24.5
9898	24.5
9899	24.5
9900	24.5
9901	24.5
9902	24.5
9903	24.5
9904	24.5
9905	24.5
9906	24.5
9907	24.5
9908	24.5
9909	24.5
9910	24.5
9911	24.5
9912	24.5
9913	24.5
9914	24.5
9915	24.5
9916	24.5
9917	24.5
9918	24.5
9919	24.5
9920	24.5
9921	24.5
9922	24.5
9923	24.5
9924	24.5
9925	24.5
9926	24.5
9927	24.5
9928	24.5
9929	24.5
9930	24.5
9931	24.5
9932	24.5
9933	24.5
9934	24.5
9935	24.5
9936	24.5
9937	24.5
9938	24.5
9939	24.5
9940	24.5
9941	24.5
9942	24.5
9943	24.5
9944	24.5
9945	24.5
9946	24.5
9947	24.5
9948	24.5
9949	24.5
9950	24.5
9951	24.5
9952	24.5
9953	24.5
9954	24.5
9955	24.5
9956	24.5
9957	24.5
9958	24.5
9959	24.5
9960	24.5
9961	24.5
9962	24.5
9963	24.5
9964	24.5
9965	24.5
9966	24.5
9967	24.5
9968	24.5
9969	24.5
9970	24.5
9971	24.5
9972	24.5
9973	24.5
9974	24.5
9975	24.5
9976	24.5
9977	24.5
9978	24.5
9979	24.5
9980	24.5
9981	24.5
9982	24.5
9983	24.5
9984	24.5
9985	24.5
9986	24.5
9987	24.5
9988	24.5
9989	24.5
9990	24.5
9991	24.5
9992	24.5
9993	24.5
9994	24.5
9995	24.5
9996	24.5
9997	24.5
9998	24.5
9999	24.5
