0	-0.9819978475570679	7	4954452.0
1	-0.14399880170822144	2	4959386.0
2	-0.9951109886169434	5	4966016.0
3	0.416080504655838	4	4976466.0
4	-0.09119558334350586	7	4980224.0
5	-1.8237217664718628	7	4981180.0
6	-0.11124906688928604	7	4984762.0
7	-0.4613993167877197	2	4986110.0
8	-0.5679436922073364	2	5000138.0
9	-0.13828112185001373	5	5000384.0
10	-1.069494366645813	7	5008223.0
11	-0.4934954047203064	2	5013723.0
12	-0.9761492609977722	2	5022055.0
13	-1.972156047821045	7	5023916.0
14	-0.2511068880558014	2	5024785.0
15	-0.3463234603404999	7	5028420.0
16	-0.05080078914761543	2	5039384.0
17	-1.9567333459854126	2	5047515.0
18	0.16929121315479279	1	14954156.0
19	-0.3406955599784851	7	14955468.0
20	-0.33817917108535767	2	14956902.0
21	0.27939820289611816	4	14957475.0
22	-3.0440714359283447	2	14962573.0
23	-3.468388319015503	7	14963739.0
24	0.21649321913719177	4	14970592.0
25	1.0491714477539062	1	14970628.0
26	0.20226550102233887	4	14971617.0
27	0.16928420960903168	6	14971658.0
28	-0.22589220106601715	5	14972856.0
29	0.06512340158224106	4	14977321.0
30	-0.8023010492324829	7	14978223.0
31	-1.5930501222610474	5	14982499.0
32	-1.7998853921890259	7	14982741.0
33	-1.3324724435806274	7	14994049.0
34	-2.188810348510742	2	14995882.0
35	-0.3569423258304596	2	14997399.0
36	0.16489186882972717	1	14999579.0
37	-1.843705415725708	7	15009441.0
38	-0.008139891549944878	5	15011002.0
39	-0.3687894940376282	7	15016887.0
40	-0.2071482241153717	2	15020345.0
41	-0.7031059861183167	7	15022224.0
42	-0.5754550099372864	7	15023805.0
43	-0.09723719209432602	7	15044111.0
44	-1.176993727684021	2	15048762.0
45	-0.11228799819946289	7	15049396.0
46	-0.4529559910297394	2	24953465.0
47	-0.47669270634651184	2	24961753.0
48	-1.0801701545715332	7	24965295.0
49	-0.26991572976112366	7	24970831.0
50	-0.32379069924354553	7	24971355.0
51	1.0146658420562744	1	24973678.0
52	0.6271407604217529	4	24977951.0
53	-0.1407720297574997	2	24988266.0
54	-0.9221276044845581	7	24993562.0
55	0.48496395349502563	1	24994763.0
56	-0.06325968354940414	2	24994968.0
57	-0.39825376868247986	5	25000949.0
58	0.29245686531066895	6	25004875.0
59	0.1154654398560524	1	25006983.0
60	-0.012124095112085342	7	25014049.0
61	-1.168758749961853	2	25017187.0
62	-0.9091115593910217	2	25024522.0
63	0.0714435800909996	1	25029503.0
64	0.048951368778944016	6	25042247.0
65	-0.8593465089797974	7	34952407.0
66	-0.5235273838043213	5	34956061.0
67	-0.5383959412574768	7	34958128.0
68	-0.18132410943508148	7	34966043.0
69	-0.19309298694133759	7	34966622.0
70	-0.07765153050422668	7	34967027.0
71	-0.16990196704864502	7	34970219.0
72	-0.8614019155502319	5	34986561.0
73	0.1611146479845047	6	34996615.0
74	-0.4406543970108032	7	34999191.0
75	0.13805705308914185	6	35001480.0
76	0.07583385705947876	4	35005727.0
77	0.08366697281599045	6	35014944.0
78	-3.010359287261963	7	35041147.0
79	0.37644320726394653	6	35041441.0
80	-1.4280768632888794	7	44952396.0
81	-0.42000168561935425	2	44963496.0
82	-1.42021644115448	2	44971115.0
83	0.3693927526473999	1	44976088.0
84	-1.702828049659729	7	44980080.0
85	-0.8625873923301697	2	44980288.0
86	-0.9483692049980164	2	44981649.0
87	-2.4271299839019775	7	44982836.0
88	-0.387565553188324	5	44989352.0
89	-1.0947279930114746	7	44990163.0
90	0.05941985547542572	1	44990422.0
91	0.15665385127067566	4	44995211.0
92	0.20194663107395172	1	44996775.0
93	-1.1835737228393555	5	44998579.0
94	0.48278361558914185	1	44998766.0
95	0.31084251403808594	1	44999009.0
96	0.4115601181983948	1	44999649.0
97	0.1498381346464157	4	45010243.0
98	0.2840193212032318	4	45020656.0
99	-0.7872074246406555	7	45024818.0
100	-0.9075130224227905	7	45030801.0
101	-0.39356786012649536	2	45035360.0
102	-1.0580941438674927	2	45036699.0
103	-0.8018985986709595	2	45037219.0
104	-1.370592713356018	2	45049815.0
105	-0.5323110222816467	2	54950274.0
106	-0.6788596510887146	2	54954785.0
107	-0.42563602328300476	7	54958648.0
108	-0.39252007007598877	7	54960522.0
109	0.45558562874794006	6	54966993.0
110	-0.9245308041572571	2	54975010.0
111	-0.11621442437171936	2	54976072.0
112	0.449390172958374	4	54976186.0
113	-0.5992188453674316	2	54979962.0
114	-0.36730653047561646	5	54985272.0
115	-0.7260421514511108	5	54986871.0
116	0.06675106287002563	1	54987534.0
117	0.7426856160163879	6	54989646.0
118	-0.6539231538772583	2	54990268.0
119	0.21347056329250336	4	54992565.0
120	-0.9953904747962952	2	54995421.0
121	-0.2074105143547058	5	54996214.0
122	-0.7957503795623779	7	55001840.0
123	-1.5471336841583252	2	55004489.0
124	0.02693137526512146	4	55006394.0
125	-0.10099829733371735	2	55010187.0
126	-0.43330052495002747	7	55010943.0
127	0.119155153632164	4	55011513.0
128	-0.6077104806900024	2	55012454.0
129	2.4913330078125	1	55013556.0
130	-0.2804532051086426	7	55019835.0
131	-0.05555320158600807	2	55020865.0
132	-1.9372071027755737	2	55021328.0
133	-2.1137943267822266	7	55021795.0
134	-0.4717210829257965	2	55024041.0
135	0.4551638066768646	1	55034541.0
136	0.2255992740392685	6	55039982.0
137	-0.16352017223834991	2	55041239.0
138	-1.0752912759780884	2	55042607.0
139	-0.6829103231430054	7	55046237.0
140	0.7428786754608154	1	55048171.0
141	-0.8938347697257996	5	55048548.0
142	-0.14381730556488037	5	55049736.0
143	0.8524460792541504	1	55049914.0
144	-0.03584511950612068	7	64952753.0
145	-2.282642126083374	2	64954679.0
146	0.6143332719802856	1	64958821.0
147	-0.18816068768501282	7	64959296.0
148	-0.5524654984474182	7	64984174.0
149	-0.38252899050712585	5	64987446.0
150	-0.052241042256355286	7	64990939.0
151	-0.1903681606054306	2	64995189.0
152	-0.1051296591758728	2	65002551.0
153	-2.0898208618164062	2	65005358.0
154	0.03755528852343559	1	65011503.0
155	-1.8049404621124268	7	65012800.0
156	-0.21647153794765472	2	65029158.0
157	-0.2088116556406021	7	65033447.0
158	-0.25489649176597595	2	65033727.0
159	0.30649876594543457	6	65033794.0
160	-1.0900280475616455	7	65034466.0
161	-0.44022053480148315	7	74965952.0
162	-0.205774188041687	7	74966060.0
163	-0.07008413225412369	5	74973159.0
164	-1.637199878692627	2	74981484.0
165	-0.09105712175369263	5	74988317.0
166	-0.38634687662124634	7	74988740.0
167	-0.076055146753788	2	74993808.0
168	-1.3800851106643677	2	75000698.0
169	-0.7080966234207153	7	75009054.0
170	-0.05544523522257805	5	75010842.0
171	-0.011403879150748253	7	75032554.0
172	-1.354050636291504	7	75033298.0
173	1.1744298934936523	1	75043294.0
174	-0.719519853591919	7	84950174.0
175	0.29688024520874023	1	84951998.0
176	-0.08688781410455704	2	84954584.0
177	-0.49554160237312317	7	84955311.0
178	0.05250336974859238	1	84956542.0
179	-0.9870909452438354	2	84958663.0
180	-0.783234179019928	7	84959239.0
181	-0.345407634973526	2	84961681.0
182	-0.2794058918952942	2	84962173.0
183	-1.494285225868225	7	84963007.0
184	-0.966898500919342	7	84967156.0
185	-0.6301146745681763	2	84967411.0
186	1.0922690629959106	1	84976681.0
187	0.007668063044548035	1	84978805.0
188	-1.8632054328918457	2	84979269.0
189	-0.5112733244895935	7	84979444.0
190	0.20439910888671875	1	84982516.0
191	-1.0162129402160645	7	84992397.0
192	-0.5125941038131714	2	84994247.0
193	0.22236911952495575	6	84995546.0
194	0.026606200262904167	1	84997716.0
195	-0.42900773882865906	2	85000086.0
196	-0.26613664627075195	7	85008891.0
197	-0.3031626045703888	7	85009105.0
198	-0.8564557433128357	2	85012262.0
199	-0.1493341624736786	2	85014904.0
200	-0.9744833111763	7	85016776.0
201	0.405854195356369	1	85019267.0
202	-0.7340922355651855	7	85019608.0
203	-0.5115098357200623	7	85023074.0
204	0.8873768448829651	6	85024825.0
205	-0.6339643597602844	5	85024953.0
206	0.08079356700181961	4	85029391.0
207	-0.7515400648117065	2	85033300.0
208	-1.599717378616333	5	85034994.0
209	-0.6521617770195007	2	85037128.0
210	0.5146844983100891	4	85043417.0
211	0.3454301357269287	4	85046658.0
212	-0.9412321448326111	2	85047174.0
213	-2.4164323806762695	7	94952572.0
214	-0.6785619258880615	2	94953481.0
215	-0.28236109018325806	7	94958699.0
216	-0.7518033385276794	2	94961047.0
217	-0.9698442220687866	7	94961695.0
218	-0.4565974771976471	5	94964228.0
219	-0.6411809325218201	7	94976259.0
220	0.04381587356328964	4	94978721.0
221	0.09412018209695816	6	94979323.0
222	-0.47614890336990356	2	95000990.0
223	-0.6395911574363708	2	95012459.0
224	-0.2674184739589691	5	95017269.0
225	-2.5160398483276367	2	95028893.0
226	0.4003230929374695	1	95032511.0
227	-0.8386520147323608	7	95032554.0
228	-0.06887287646532059	5	95032886.0
229	-0.693182110786438	2	95036858.0
230	-0.3923017084598541	5	95043088.0
